2894.9014226064	
2894.9014226067	
2894.9014226065	
2894.9014226899	
2894.9014226079	
2894.9014227084	
2894.9014227591	
2792.2810721726	
2894.9014226066	
2894.9014226066	
2894.9014826550	
2797.9939101023	
2894.9014226071	
2894.9014226065	
2894.9014226065	
2894.9014226064	
2894.9014226065	
2894.9014226065	
2894.9014226064	
2894.9014226066	
2894.9014226065	
2894.9014226851	
2894.9014226064	
2894.9014226151	
2894.9014226064	
2894.9014226066	
2894.9014226070	
2894.9014226064	
2894.9014226066	
2894.9014226064	
