6362.3394004764	
6180.0238689437	
7138.3500887381	
6752.5083419706	
7326.3199219534	
5903.6517046993	
6037.3358157007	
6462.7789335890	
7048.1720226237	
7321.6948341623	
6382.5302476644	
7141.5075750433	
6190.3670249490	
7069.7842172812	
6280.4716053722	
6309.6090838000	
6064.2530414718	
6128.6479246054	
6191.9397303859	
6738.0853108813	
6894.0597732773	
5895.2487404833	
5990.6145601433	
6152.2436673168	
6723.6808900903	
5985.5355621843	
6575.8779107010	
5978.4063339128	
6490.4527467758	
6035.8643429291	
