3607.4852563352	
3026.6791279598	
3026.6791279598	
3026.6791279598	
3026.6791279598	
3000.5942267853	
3000.5942267853	
3000.5942267853	
2999.1437122954	
2928.9148768248	
2933.3695974526	
2917.9227964632	
2917.9227964632	
2917.9227964632	
2917.9227964632	
2917.9227964632	
2917.9227964632	
2916.3993872912	
2902.4939722681	
2902.4939722681	
2902.4939722681	
2902.4939722681	
2902.4939722681	
2902.4939722681	
2902.4449337427	
2900.7584884249	
2900.7584884249	
2900.7584884249	
2900.7584884249	
2900.7584884249	
2895.4138249117	
2895.4138249117	
2895.4138249117	
2895.1689632156	
2895.1689632156	
2895.1689632156	
2902.6568419376	
2895.2326894692	
2894.9416205105	
2894.9696394942	
2900.3904951165	
2895.2931149208	
2910.9318536210	
2900.3904951165	
2900.3904951165	
2900.3904951165	
2900.3904951165	
2900.3904951165	
2900.3904951165	
2900.3904951165	
2894.9101577877	
2895.1108186171	
2896.5709851687	
2896.5709851687	
2896.5709851687	
2896.5709851687	
2896.5709851687	
2896.5709851687	
2896.5709851687	
2894.9100440398	
2894.9100440398	
2894.9100440398	
2894.9100440398	
2894.9100440398	
2894.9100153432	
2894.9100153432	
2894.9100153432	
2894.9100153432	
2894.9100153432	
2894.9100153432	
2894.9100153432	
2894.9025518915	
2894.9020398793	
2894.9019279998	
2894.9020092486	
2894.9020092486	
2894.9019816971	
2894.9019816971	
2894.9019816971	
2894.9019816971	
2894.9019816115	
2894.9063498097	
2894.9014512058	
2894.9014493703	
2894.9014512058	
2894.9014512058	
2894.9014511998	
2894.9014511998	
2894.9014511998	
2894.9014511998	
2894.9014511998	
2894.9014511998	
2894.9014961179	
2894.9014291902	
2894.9014961179	
2894.9014961179	
2894.9014961179	
2894.9014961179	
2894.9014961179	
2894.9014961179	
2894.9014961179	
2894.9014961179	
2894.9014961179	
2894.9014961179	
2894.9014961179	
2894.9045132206	
2894.9014311447	
2894.9045132206	
2894.9042662818	
2894.9042662818	
2894.9042662818	
2894.9042662818	
2894.9042662818	
2894.9042662818	
2894.9014232690	
2894.9014232690	
2894.9014232690	
2894.9014232690	
2894.9014232686	
2894.9014232686	
2894.9014232686	
2894.9014232686	
2894.9014232686	
2894.9014232606	
2894.9014232606	
2894.9014232606	
2894.9014248660	
2894.9014248660	
2894.9014248660	
2894.9014248660	
2894.9014226419	
2894.9014228087	
2894.9014230770	
2894.9014227956	
2894.9014227956	
2894.9014227956	
2894.9014227956	
2894.9014227956	
2894.9014230770	
2894.9014230770	
2894.9014230770	
2894.9014226168	
2894.9014226366	
2894.9014226366	
2894.9014226366	
2894.9014226366	
2894.9014226366	
2894.9014229285	
2894.9014226126	
2894.9014226084	
2894.9014229285	
2894.9014229285	
2894.9014229285	
2894.9014226124	
2894.9014226124	
2894.9014226124	
2894.9014226124	
2894.9014228440	
2894.9014226071	
2894.9014226083	
2894.9014226071	
2894.9014228440	
2894.9014226071	
2894.9014228437	
2894.9014228437	
2894.9014228437	
2894.9014228437	
2894.9014228437	
2894.9014228437	
2894.9014228437	
2894.9014228322	
2894.9014228316	
2894.9014226088	
2894.9014226088	
2894.9014226065	
2894.9014226065	
2894.9014226088	
2894.9014226065	
2894.9014226065	
2894.9014226065	
2894.9014226065	
2894.9014226065	
2894.9014226065	
2894.9014226065	
2894.9014226065	
2894.9014226064	
2894.9014226084	
2894.9014226064	
2894.9014226064	
2894.9014226064	
2894.9014226064	
2894.9014226064	
2894.9014226064	
2894.9014226064	
2894.9014226064	
2894.9014226064	
2894.9014226064	
2894.9014226064	
2894.9014226064	
2894.9014226064	
