3427.5918238448	
3386.1815015065	
3392.2555674561	
3392.2555674561	
3392.2555674561	
3392.2555674561	
3392.2555674561	
3392.2555674561	
3392.2555674561	
2965.6751640730	
2965.6751640730	
2965.6751640730	
2965.6751640730	
2922.6263205404	
2918.5669966027	
2918.5669966027	
2918.5669966027	
2918.5669966027	
2918.3995289139	
2918.3995289139	
2918.3995289139	
2918.3995289139	
2918.3995289139	
2900.8116654940	
2896.4675483016	
2896.4675483016	
2898.0858064180	
2896.0407573271	
2896.0131124666	
2896.0131124666	
2896.0131124666	
2896.0131124666	
2896.0131124666	
2896.0131124666	
2896.0131124666	
2896.0131124666	
2896.0131124666	
2896.0131124666	
2895.2581347988	
2895.0286967758	
2895.7239354571	
2895.2581347988	
2895.0283335484	
2895.0283335484	
2895.0283335484	
2895.0283335484	
2895.0283335484	
2895.7209723993	
2895.7209723993	
2895.7209723993	
2895.7209723993	
2895.7209723993	
2895.7209723993	
2895.7209723993	
2895.7209723993	
2895.7209723993	
2895.7209723993	
2895.2581347988	
2895.2581347988	
2895.2581347988	
2895.2581347988	
2895.2581347988	
2894.9817383285	
2894.9817383285	
2894.9817383285	
2894.9817383285	
2894.9817383285	
2894.9817383285	
2894.9817383285	
2894.9031462456	
2894.9050310505	
2894.9031121026	
2894.9031121026	
2894.9031121026	
2894.9019999177	
2894.9019999177	
2894.9019470105	
2894.9019470105	
2894.9019470105	
2894.9019435723	
2894.9019435723	
2894.9019435723	
2894.9019435723	
2894.9019435723	
2894.9019435723	
2894.9019435723	
2894.9048372731	
2894.9048372731	
2894.9048372731	
2894.9015130550	
2894.9017251712	
2894.9014673498	
2894.9014692145	
2894.9014627746	
2894.9014627746	
2894.9014627746	
2894.9014623238	
2894.9014619341	
2894.9014619341	
2894.9233085274	
2894.9014288717	
2894.9014288717	
2894.9014288717	
2894.9015232103	
2895.0436604434	
2894.9014311360	
2894.9016725137	
2894.9014242404	
2894.9014243063	
2894.9016725137	
2894.9016725137	
2894.9016725137	
2894.9016725137	
2894.9016725137	
2894.9016725137	
2894.9016725137	
2894.9016725137	
2894.9016725137	
2894.9016725137	
2894.9016725137	
2894.9016725137	
2894.9016725137	
2894.9016725137	
2894.9016725137	
2894.9016725137	
2894.9016725137	
2894.9014227909	
2894.9014230496	
2894.9014228963	
2894.9014230496	
2894.9014230496	
2894.9014230496	
2894.9014230496	
2894.9014230496	
2894.9014230496	
2894.9014230496	
2894.9014230496	
2894.9014228840	
2894.9014228840	
2894.9014228840	
2894.9014228840	
2894.9014227908	
2894.9014227908	
2894.9014226326	
2894.9014226326	
2894.9014226326	
2894.9014226326	
2894.9014226326	
2894.9014226319	
2894.9014226306	
2894.9014226306	
2894.9014227685	
2894.9014244213	
2894.9014226458	
2894.9014478563	
2894.9014244213	
2894.9014228796	
2894.9014226092	
2894.9014226088	
2894.9014226092	
2894.9014226092	
2894.9014226092	
2894.9014226092	
2894.9014478563	
2894.9014478563	
2894.9014478563	
2894.9014226119	
2894.9014226152	
2894.9014226152	
2894.9014226152	
2894.9014226152	
2894.9014226152	
2894.9014226152	
2894.9014226152	
2894.9014226152	
2894.9014226149	
2894.9014226149	
2894.9014226149	
2894.9014226149	
2894.9014226119	
2894.9014226119	
2894.9014226119	
2894.9014226116	
2894.9014226068	
2894.9014226066	
2894.9014226066	
2894.9014226066	
2894.9014226066	
2894.9014226066	
2894.9014226074	
2894.9014226067	
2894.9014226073	
2894.9014226073	
2894.9014226073	
2894.9014226073	
2894.9014226073	
2894.9014226073	
2894.9014226073	
2894.9014226066	
2894.9014226067	
