4313.1325793321	
3555.5779708752	
2995.5883361072	
2995.5883361072	
3036.6323589237	
3036.6323589237	
3036.6323589237	
3036.6323589237	
3036.6323589237	
3036.6323589237	
3036.6323589237	
2961.1716902377	
2956.7999679736	
2958.5489269124	
2958.5489269124	
2957.9381709162	
2957.9381709162	
2957.9381709162	
2957.9381709162	
2957.9381709162	
2957.9381709162	
2926.0088836650	
2922.0830300938	
2922.0830300938	
2926.0088836650	
2926.0088836650	
2926.0088836650	
2926.0088836650	
2900.5088032930	
2899.3979754582	
2899.9138556677	
2896.0659984383	
2896.0659984383	
2899.0818584321	
2898.9961237140	
2902.2606118831	
2899.1875038623	
2895.5912985248	
2902.2606118831	
2902.2606118831	
2899.1875038623	
2902.2606118831	
2902.2606118831	
2899.1875038623	
2899.1875038623	
2899.1875038623	
2899.0922484355	
2899.0922484355	
2895.2317732545	
2897.1360553052	
2895.1097865074	
2895.1097865074	
2895.1097865074	
2895.3662046709	
2898.5721178014	
2897.3593736463	
2897.3593736463	
2897.3593736463	
2897.1538465236	
2897.1538465236	
2897.1538465236	
2897.1538465236	
2897.1538465236	
2897.1538465236	
2897.1538465236	
2897.1538465236	
2897.1538465236	
2897.1538465236	
2897.1538465236	
2898.5721178014	
2898.5721178014	
2898.5721178014	
2898.5721178014	
2898.5721178014	
2894.9497375880	
2894.9898956231	
2894.9497375880	
2894.9497375880	
2894.9497375880	
2894.9497375880	
2894.9497375880	
2894.9898956231	
2894.9898956231	
2894.9898956231	
2894.9898956231	
2894.9898956231	
2894.9037536684	
2894.9150317146	
2894.9322404965	
2894.9020343409	
2894.9020343409	
2894.9100234527	
2894.9023716351	
2894.9037536684	
2894.9037536684	
2894.9037536684	
2894.9150317146	
2894.9150317146	
2894.9017527185	
2894.9022103162	
2894.9020336507	
2894.9016303791	
2894.9015544882	
2894.9027967720	
2894.9015536851	
2894.9016303791	
2894.9015536851	
2894.9015536851	
2894.9015536851	
2894.9015536851	
2894.9015536851	
2894.9015519383	
2894.9015519383	
2894.9016303791	
2894.9016303791	
2894.9016303791	
2894.9016303791	
2894.9016303791	
2894.9016303791	
2894.9016303791	
2894.9016277968	
2894.9015898201	
2894.9015898201	
2894.9015898201	
2894.9015898201	
2894.9015890296	
2894.9015890296	
2894.9015890296	
2894.9015890296	
2894.9014437848	
2894.9014437848	
2894.9014437848	
2894.9014437848	
2894.9014437848	
2894.9014430703	
2894.9014430703	
2894.9014430700	
2894.9014430700	
2894.9014417090	
2894.9014417090	
2894.9014233334	
2894.9014234493	
2894.9014233334	
2894.9014233334	
2894.9014233334	
2894.9015589281	
2894.9014229945	
2894.9014229945	
2894.9014243772	
2894.9014231776	
2894.9015249903	
2894.9015589281	
2894.9015589281	
2894.9015589281	
2894.9015589281	
2894.9015589281	
2894.9015589281	
2894.9015589281	
2894.9015249903	
2894.9015249903	
2894.9015249903	
2894.9014226302	
2894.9014226178	
2894.9014226201	
2894.9014226302	
2894.9014226302	
2894.9014226302	
2894.9014226242	
2894.9014226332	
2894.9014226242	
2894.9014226242	
2894.9014226242	
2894.9014226242	
2894.9014226242	
2894.9014226236	
2894.9014226170	
2894.9014226170	
2894.9014226170	
2894.9014226170	
2894.9014226170	
2894.9014226170	
2894.9014226170	
2894.9014226170	
2894.9014226170	
2894.9014226170	
2894.9014226170	
2894.9014226170	
2894.9014826550	
2894.9014226236	
2894.9014226236	
2894.9014226236	
2894.9014226236	
2894.9014226236	
2894.9014226236	
2894.9014226236	
2894.9014226236	
2894.9014826550	
2894.9014826550	
2894.9014826550	
2894.9014826550	
