3106.6180762990	
3106.6180762990	
3106.0502885106	
3106.0502885106	
3106.0502885106	
3096.5602065510	
2836.0314089892	
2836.0314089892	
2843.2694257867	
2831.5430920314	
2832.2428454062	
2840.5203344059	
2829.0504145138	
2829.0504145138	
2829.0504145138	
2829.0504145138	
2829.0504145138	
2828.9702092654	
2812.0969891250	
2830.8432020053	
2809.8510215718	
2809.2225294112	
2809.8510215718	
2809.7308623960	
2809.7308623960	
2809.7308623960	
2809.2225294112	
2809.2225294112	
2809.2225294112	
2801.0215932686	
2800.1728450826	
2800.1728450826	
2800.1728450826	
2800.1728450826	
2800.1728450826	
2800.1728450826	
2800.2840333078	
2799.1192758191	
2800.1888665533	
2799.3753824320	
2798.8269182644	
2798.7924605131	
2798.8269182644	
2799.3330492293	
2798.7458338223	
2798.7924605131	
2798.7924605131	
2798.7458338223	
2798.7924605131	
2798.7924605131	
2798.7924605131	
2798.7924605131	
2798.7924605131	
2798.7924605131	
2798.1689047547	
2798.1689047547	
2798.1689047547	
2798.1689047547	
2798.1688813301	
2798.1561858955	
2798.1281758555	
2798.1667889729	
2798.1967691560	
2798.1333130117	
2798.1967691560	
2798.1967691560	
2798.1967691560	
2798.1967691560	
2798.1967691560	
2798.1333130117	
2798.1333130117	
2798.1333130117	
2798.1309890922	
2798.0671910690	
2798.0639665749	
2798.1298977439	
2798.0667695051	
2798.1298977439	
2798.0639409382	
2798.1298977439	
2798.0639409382	
2798.0639409382	
2798.0639254346	
2798.1298977439	
2798.1298977439	
2798.0571497609	
2798.0571497609	
2798.0571497609	
2798.0571497609	
2798.0571497609	
2798.0571497609	
2798.0571497609	
2798.0571497609	
2798.0441371023	
2798.0441371023	
2798.0441371023	
2798.0441371023	
2798.0441371023	
2798.0364149834	
2798.0371629708	
2798.0444108402	
2798.0321703879	
2798.0240449929	
2798.0371629708	
2798.0444108402	
2798.0444108402	
2798.0444108402	
2798.0444108402	
2798.0444108402	
2798.0318606840	
2798.0318606840	
2798.1027527821	
2798.1027527821	
2798.1027527821	
2798.1027527821	
2798.1027527821	
2798.0020928058	
2798.0071430898	
2798.0238161819	
2797.9999322806	
2798.0013501761	
2797.9999320572	
2797.9999320572	
2797.9999320572	
2797.9999320572	
2797.9999320572	
2798.0238161819	
2798.0238161819	
2798.0238161819	
2798.0238161819	
2798.0193357312	
2797.9995528632	
2798.0011231963	
2798.0011231963	
2798.0011231963	
2798.0011231963	
2798.0011231963	
2797.9976175313	
2797.9971506965	
2797.9971506965	
2797.9971481238	
2797.9962558330	
2797.9959478623	
2797.9968675551	
2797.9971793008	
2797.9950336036	
2797.9971449677	
2797.9971449677	
2797.9971449677	
2797.9971449677	
2797.9971449677	
2797.9971449677	
2797.9959478623	
2797.9959478623	
2797.9962558330	
2797.9980633402	
2797.9948032295	
2797.9949889988	
2797.9984675069	
2797.9948910487	
2797.9948469639	
2797.9980633402	
2797.9980633402	
2797.9949082283	
2797.9948910487	
2797.9948910487	
2797.9945950899	
2797.9955009090	
2797.9944734124	
2797.9944734124	
2797.9944734124	
2797.9944734124	
2797.9944734124	
2797.9944734124	
2797.9944734124	
2797.9944734124	
2797.9944734124	
2797.9944357898	
2797.9943168711	
2797.9942000693	
2797.9944189390	
2797.9943168711	
2797.9943168711	
2797.9943168711	
2797.9943168208	
2797.9943168208	
2797.9943168208	
2797.9941208123	
2797.9940077698	
2797.9941128871	
2797.9941128871	
2797.9939914545	
2797.9939914545	
2797.9939914545	
2797.9939914545	
2797.9939220472	
2797.9939248283	
2797.9939248283	
2797.9941709236	
2797.9939101023	
