2840.0421455981	
2837.8434869925	
2837.8434869925	
3135.7176002469	
3021.1302081045	
3014.6938501948	
2959.7320233254	
2959.7320233254	
2959.7320233254	
2959.7320233254	
2937.3344528614	
2906.6735513668	
2906.6735513668	
2906.6735513668	
2906.6735513668	
2906.6735513668	
2906.5091688343	
2906.5091688343	
2906.1409613004	
2906.1409613004	
2906.1409613004	
2906.1409613004	
2906.1409613004	
2899.0946738794	
2896.1492508436	
2920.8910259885	
2899.0946738794	
2895.7967263612	
2896.1492508436	
2896.1492508436	
2895.5230470587	
2897.8977556139	
2895.4516353697	
2895.4734234607	
2895.4516353697	
2895.4516353697	
2895.4516353697	
2895.5706471494	
2895.5706471494	
2895.5706471494	
2895.5706471494	
2895.5706471494	
2895.5706471494	
2895.2250884089	
2895.3572824080	
2895.0097909821	
2895.2250884089	
2895.2250884089	
2895.2250884089	
2895.2250884089	
2895.2250884089	
2895.2250884089	
2895.2250884089	
2895.2250884089	
2895.2250884089	
2895.3572824080	
2895.0097909821	
2895.0097812373	
2895.0097812373	
2895.0097812373	
2895.0065280879	
2895.0065280879	
2895.0424798687	
2894.9280831895	
2894.9145882083	
2894.9042402924	
2894.9042402924	
2894.9042402924	
2894.9042402924	
2894.9042402924	
2894.9042402924	
2894.9042402924	
2894.9042402924	
2894.9042401517	
2894.9042206415	
2894.9042206415	
2894.9042206415	
2894.9026374062	
2895.2626615459	
2895.2626615459	
2895.2626615459	
2895.2626615459	
2895.2626615459	
2895.2626615459	
2895.2626615459	
2895.2626615459	
2895.2626615459	
2895.2626615459	
2895.2626615459	
2895.2626615459	
2895.2626615459	
2895.2626615459	
2894.9015781788	
2894.9057455052	
2894.9024521511	
2894.9022635267	
2894.9022635267	
2894.9022635267	
2894.9022635267	
2894.9022635072	
2894.9022635072	
2894.9022635072	
2894.9022635072	
2894.9022635072	
2894.9022431729	
2894.9022431564	
2894.9022431564	
2894.9057455052	
2894.9057455052	
2894.9057455052	
2894.9057455052	
2894.9057455052	
2894.9057455052	
2894.9024498499	
2894.9024498499	
2894.9024498499	
2894.9024498499	
2894.9018577756	
2894.9015765877	
2894.9018577756	
2894.9018577756	
2894.9018572445	
2894.9018572445	
2894.9018572445	
2894.9018572445	
2894.9018572445	
2894.9014259562	
2894.9014260992	
2894.9014259295	
2894.9014259295	
2894.9014259295	
2894.9014259295	
2894.9014259295	
2894.9014259295	
2894.9014289264	
2894.9014231290	
2894.9014289264	
2894.9014289264	
2894.9021213457	
2894.9014239826	
2894.9014227417	
2894.9014228274	
2894.9014291413	
2894.9014228199	
2894.9014228199	
2894.9014228199	
2894.9014228199	
2894.9014291413	
2894.9014227417	
2894.9014227417	
2894.9014227361	
2894.9014227361	
2894.9014227361	
2894.9014227361	
2894.9014227361	
2894.9014227361	
2894.9014227361	
2894.9014226534	
2894.9014226534	
2894.9014226142	
2894.9014226284	
2894.9014226142	
2894.9014226142	
2894.9014226142	
2894.9014226140	
2894.9014226140	
2894.9014262264	
2894.9014226273	
2894.9014226273	
2894.9014226273	
2894.9014226273	
2894.9014226227	
2894.9014226227	
2894.9026238351	
2894.9014227752	
2894.9026238351	
2894.9026238351	
2894.9026238351	
2894.9026238351	
2894.9026238351	
2894.9026238351	
2894.9014226066	
2894.9014229566	
2894.9014226066	
2894.9014226066	
2894.9014226066	
2894.9014226066	
2894.9014226066	
2894.9014226066	
2894.9014226066	
2894.9014226066	
2894.9014226066	
2894.9014226066	
2894.9014226066	
2894.9014226066	
2894.9014226066	
2894.9014226066	
2894.9014226066	
2894.9014226066	
2894.9014226071	
