2982.1895025197	
3512.6662575776	
3490.3909089065	
3462.7448832377	
3187.5794155536	
3065.5756081792	
3012.0639494542	
3012.0639494542	
3012.0639494542	
3010.6045270321	
3010.6045270321	
2933.5167136886	
2933.5167136886	
2933.5167136886	
2924.7020075024	
2924.7020075024	
2924.7020075024	
2922.6856571573	
2922.6856571573	
2922.6856571573	
2921.7563782787	
2921.7563782787	
2921.7563782787	
2905.5312222861	
2902.0312399900	
2899.9849105585	
2898.7056419872	
2905.5312222861	
2898.5241232919	
2900.9124742435	
2900.9124742435	
2900.9124742435	
2899.4150189413	
2896.5022672148	
2897.3247578882	
2896.6815429852	
2897.3247578882	
2897.3247578882	
2897.3064181843	
2896.5022672148	
2896.5022672148	
2896.5022672148	
2896.5022672148	
2896.5022672148	
2896.4957995097	
2896.6815429852	
2895.0086036015	
2896.5212168329	
2896.5212168329	
2896.5212168329	
2896.5212168329	
2896.5212168329	
2896.0392644341	
2895.6754254247	
2894.9091240224	
2895.6754254247	
2895.6754254247	
2895.6754254247	
2895.6610518894	
2895.6610518894	
2895.6610518894	
2895.6610518894	
2895.6610518894	
2894.9150217792	
2894.9263827326	
2894.9150217792	
2894.9150217792	
2894.9150217792	
2894.9150217792	
2894.9150217792	
2894.9148743593	
2894.9263130200	
2894.9249142130	
2894.9249142130	
2894.9249142130	
2894.9132659644	
2894.9132659644	
2894.9132659644	
2894.9132659644	
2894.9025771762	
2894.9025771762	
2894.9025771762	
2894.9025771762	
2894.9025771762	
2895.5028770644	
2894.9343474147	
2895.5028770644	
2895.5028770644	
2894.9017028196	
2894.9512616363	
2894.9016219768	
2894.9016219768	
2894.9512616363	
2894.9512616363	
2894.9017019926	
2894.9017019926	
2894.9017019926	
2894.9016721564	
2894.9016721564	
2894.9016721564	
2894.9014302010	
2894.9014298042	
2894.9016348335	
2894.9072397059	
2894.9014274344	
2894.9016348335	
2894.9014298042	
2894.9014298042	
2894.9014298042	
2894.9014298011	
2894.9014269565	
2894.9014269565	
2894.9016206205	
2894.9014240445	
2894.9015957899	
2894.9015957899	
2894.9015957899	
2894.9015957899	
2894.9014238060	
2894.9014236152	
2894.9014238060	
2894.9014238060	
2894.9015440021	
2894.9015440021	
2894.9015440021	
2894.9015440021	
2894.9015440021	
2894.9015440021	
2894.9015440021	
2894.9015440021	
2894.9015440021	
2894.9014236377	
2894.9014230017	
2894.9014236377	
2894.9014236377	
2894.9014236377	
2894.9014236377	
2894.9014226261	
2894.9014226279	
2894.9014226374	
2894.9014226374	
2894.9014226374	
2894.9014226374	
2894.9014368618	
2894.9014368618	
2894.9014368618	
2894.9014368618	
2894.9014226097	
2894.9014226119	
2894.9014226257	
2894.9014226094	
2894.9014226094	
2894.9014226257	
2894.9014226257	
2894.9014226257	
2894.9014226257	
2894.9014226257	
2894.9014226257	
2894.9014226257	
2894.9014227043	
2894.9014226078	
2894.9014227708	
2894.9014226067	
2894.9014227708	
2894.9014227708	
2894.9014227174	
2894.9014227043	
2894.9014227043	
2894.9014227043	
2894.9014227043	
2894.9014227043	
2894.9014226065	
2894.9014226065	
2894.9014226065	
2894.9014226065	
2894.9014226065	
2894.9014226065	
2894.9014226065	
2894.9014226065	
2894.9014226065	
2894.9014226065	
2894.9014226065	
2894.9014226065	
2894.9014226084	
2894.9014226065	
2894.9014226065	
2894.9014226084	
2894.9014226084	
2894.9014226084	
2894.9014226084	
2894.9014226084	
2894.9014226084	
2894.9014226084	
2894.9014226064	
2894.9014226064	
2894.9014226064	
2894.9014226065	
2894.9014226065	
2894.9014226065	
2894.9014226065	
