3112.0011707960	
3576.9704381207	
3559.2225022817	
3502.7363399203	
3456.3626863756	
3456.3626863756	
3456.3626863756	
3456.3626863756	
3104.7691597360	
3104.7691597360	
2957.3088617418	
2935.9471742868	
2935.9471742868	
2951.6414799243	
2942.5330509343	
2942.5330509343	
2942.5330509343	
2942.5330509343	
2942.5330509343	
2942.5330509343	
2942.5330509343	
2942.5330509343	
2920.4138055299	
2905.2295457288	
2904.7864357264	
2904.3392801190	
2905.2295457288	
2905.2295457288	
2905.2295457288	
2920.2241937751	
2920.2241937751	
2920.2241937751	
2920.2241937751	
2920.2241937751	
2919.3160359329	
2904.2952713408	
2903.5680070382	
2898.9916633287	
2899.1553583269	
2898.4654060906	
2899.1441280913	
2899.1441280913	
2899.1419021403	
2899.1419021403	
2899.1419021403	
2898.3740501139	
2904.4899047981	
2898.3705132456	
2898.3705132456	
2898.3705132456	
2898.3705132456	
2898.4391048828	
2898.3021408448	
2898.3021408448	
2898.3021408448	
2898.3021408448	
2898.3021408448	
2898.3021408448	
2898.3021408448	
2898.4391048828	
2904.4832760060	
2898.4391048828	
2898.4391048828	
2898.4391048828	
2898.4391048828	
2898.4391048828	
2895.9018232580	
2895.9018232580	
2895.9018232580	
2895.9018232580	
2895.9018232580	
2895.9017613723	
2895.8947610456	
2895.8947610456	
2895.8947610456	
2895.8919953437	
2895.8919953437	
2895.8919953437	
2895.0099047725	
2895.0099047725	
2895.0099047725	
2895.0099047725	
2895.0099047725	
2895.0096730537	
2895.0096730537	
2895.0096730537	
2895.0096730537	
2895.0721607726	
2894.9201092092	
2895.0721607726	
2895.5836018300	
2895.0721607726	
2895.0718897422	
2895.0718897422	
2895.0718897422	
2895.0718897422	
2895.0718897422	
2895.0718897422	
2894.9364136967	
2894.9114759390	
2894.9060540578	
2894.9049019443	
2894.9503662227	
2894.9114582762	
2894.9048165833	
2894.9060331740	
2894.9047771407	
2894.9060331740	
2894.9047535631	
2894.9060331740	
2894.9025387404	
2894.9162385578	
2894.9162385578	
2894.9162385578	
2894.9016107505	
2894.9015286819	
2894.9015804887	
2894.9015804887	
2894.9015804887	
2894.9014982280	
2894.9014933640	
2894.9014649086	
2894.9014649086	
2894.9015286819	
2894.9015260002	
2894.9015260002	
2894.9015260002	
2894.9015260002	
2894.9014850293	
2894.9014850293	
2894.9014850293	
2894.9014850293	
2894.9014850293	
2894.9014850293	
2894.9014850293	
2894.9014850293	
2894.9014829068	
2894.9014287796	
2894.9014257188	
2894.9014233979	
2894.9014239533	
2894.9014230535	
2894.9014239533	
2894.9014239533	
2894.9014239533	
2894.9014239533	
2894.9014239533	
2894.9014239533	
2894.9014286897	
2894.9014286897	
2894.9014286897	
2894.9014286897	
2894.9014286897	
2894.9014286897	
2894.9014226595	
2894.9014227640	
2894.9014226564	
2894.9014226564	
2894.9014226564	
2894.9014226564	
2894.9014226564	
2894.9014226220	
2894.9014227640	
2894.9014227640	
2894.9014227640	
2894.9014227640	
2894.9014227640	
2894.9014227601	
2894.9014227601	
2894.9014227600	
2894.9014227600	
2894.9014227600	
2894.9014226220	
2894.9014226220	
2894.9014226216	
2894.9014226216	
2894.9014226216	
2894.9014226076	
2894.9014226076	
2894.9014226076	
2894.9014226076	
2894.9014226076	
2894.9014226076	
2894.9014226076	
2894.9014226076	
2894.9014226071	
2894.9014226067	
2894.9014226070	
2894.9014226078	
2894.9014226070	
2894.9014226070	
2894.9014226070	
2894.9014226066	
2894.9014526352	
2894.9014226065	
2894.9014226065	
2894.9014226065	
2894.9014226065	
2894.9014226065	
2894.9014226065	
