5173.0492015998	
3146.7687790445	
3146.7687790445	
3146.7687790445	
3146.7687790445	
3146.7687790445	
3146.7687790445	
3146.7687790445	
2967.7877651936	
2974.3327104993	
2967.7877651936	
2967.7877651936	
2967.7877651936	
2967.6529196397	
2938.9778146146	
2944.4431723763	
2944.4431723763	
2944.4431723763	
2921.8821306682	
2917.2981028080	
2912.1606397579	
2910.8369572367	
2906.2125298356	
2902.7310407967	
2905.5575202751	
2905.5575202751	
2900.8215576960	
2897.6665271230	
2897.1798577136	
2897.1798577136	
2897.1798577136	
2897.1798577136	
2896.8654585727	
2897.4586051627	
2896.8146080342	
2896.8146080342	
2896.8146080342	
2896.8146080342	
2896.8146080342	
2896.3708370237	
2896.3708370237	
2895.6501062867	
2895.6501062867	
2895.6501062867	
2895.4379450750	
2894.9424875645	
2894.9412027136	
2894.9412027136	
2894.9412027136	
2894.9412027136	
2894.9412027136	
2894.9412027136	
2894.9418548823	
2894.9090202133	
2894.9196642729	
2896.7479149910	
2894.9090200667	
2894.9058431527	
2894.9058431527	
2894.9058431527	
2894.9058431527	
2894.9051594114	
2894.9051594114	
2894.9051594114	
2894.9972567849	
2894.9073352429	
2894.9073352429	
2894.9073352429	
2894.9073352429	
2894.9073352429	
2894.9964933106	
2894.9964933106	
2894.9321229514	
2894.9057999841	
2894.9015530304	
2894.9024243736	
2894.9015530304	
2894.9057999841	
2894.9015530304	
2894.9015530304	
2894.9015530304	
2894.9015530304	
2894.9015530304	
2894.9015530304	
2894.9015530304	
2894.9015530304	
2894.9016579870	
2894.9018805608	
2894.9015259693	
2894.9015259693	
2894.9015259693	
2894.9015259693	
2896.7433482491	
2896.7433482491	
2896.7433482491	
2896.7433482491	
2896.7433482491	
2896.7433482491	
2896.7433482491	
2894.9016579870	
2894.9016579870	
2894.9016579870	
2894.9016579870	
2894.9016579870	
2894.9016579870	
2894.9016579870	
2894.9016579870	
2894.9014234837	
2894.9014237292	
2894.9014385108	
2894.9014385108	
2894.9014385108	
2894.9014385108	
2894.9014385108	
2894.9014385108	
2894.9014229776	
2894.9014233326	
2894.9014229776	
2894.9014229776	
2894.9014229776	
2894.9014229776	
2894.9014229776	
2894.9014229776	
2894.9014229776	
2894.9014229776	
2894.9014233326	
2894.9014233326	
2894.9014233326	
2894.9014233326	
2894.9014233326	
2894.9014233326	
2894.9014233326	
2894.9014233326	
2894.9014233326	
2894.9014233326	
2894.9014233326	
2894.9014233326	
2894.9014448679	
2894.9014234181	
2894.9014226112	
2894.9014226165	
2894.9014226111	
2894.9014226111	
2894.9014226111	
2894.9014226111	
2894.9014226111	
2894.9014226111	
2894.9014226165	
2894.9014226165	
2894.9014226165	
2894.9014226097	
2894.9014228197	
2894.9014226068	
2894.9014226071	
2894.9014226069	
2894.9014226068	
2894.9014226076	
2894.9014226076	
2894.9014226076	
2894.9014226076	
2894.9014226076	
2894.9014226076	
2894.9014226076	
2894.9014226076	
2894.9014226067	
2894.9014226065	
2894.9014226065	
2894.9014226065	
2894.9014226067	
2894.9014226065	
2894.9014226067	
2894.9014226067	
2894.9014227743	
2894.9014226067	
2894.9014226067	
2894.9014226067	
2894.9014226067	
2894.9014226067	
2894.9014226065	
2894.9014226064	
2894.9014226064	
2894.9014226064	
2894.9014226065	
2894.9014226065	
2894.9014226065	
2894.9014226065	
2894.9014226065	
2894.9014226065	
2894.9014226065	
2894.9014226065	
2894.9014226064	
2894.9014226064	
2894.9014226064	
2894.9014226064	
2894.9014227743	
2894.9014227743	
2894.9014226065	
2894.9014226065	
2894.9014226065	
2894.9014226064	
