4619.3434272018	
4619.3434272018	
3052.8366812553	
3052.8366812553	
3052.8366812553	
3018.5102107388	
3018.5102107388	
3018.5102107388	
3018.5102107388	
3018.5102107388	
3018.5102107388	
2939.6387266710	
2962.3328718913	
2915.7901266295	
2915.7901266295	
2915.7901266295	
2911.3994667554	
2911.3994667554	
2910.1025925766	
2910.1025925766	
2910.1025925766	
2905.4812867237	
2904.7559193988	
2903.5959730777	
2902.7461107811	
2902.7461107811	
2902.7461107811	
2902.7461107811	
2901.4223693709	
2901.4223693709	
2901.4223693709	
2899.4511196876	
2896.7425892836	
2899.4511196876	
2896.5895536769	
2896.5895536769	
2896.5895536769	
2896.5895536769	
2896.5895536769	
2899.4511196876	
2899.2028891045	
2899.2028891045	
2899.2028891045	
2899.2028891045	
2895.5582060443	
2895.1811889161	
2895.5582060443	
2895.5582060443	
2895.5582060443	
2895.5582060443	
2895.0186622588	
2895.4230647941	
2896.1651256247	
2896.1651256247	
2895.0183269905	
2895.0183269905	
2895.8469756279	
2895.8469756279	
2895.8469756279	
2895.8469756279	
2895.8469756279	
2895.8469756279	
2895.8469756279	
2895.8469756279	
2895.8469756279	
2895.8469756279	
2894.9057871073	
2894.9136468487	
2895.9828028624	
2894.9057871073	
2894.9057871073	
2894.9057871073	
2894.9057871073	
2894.9057871073	
2894.9027440212	
2895.9731915140	
2895.9731915140	
2895.9731915140	
2894.9023084841	
2894.9033892162	
2894.9058339425	
2894.9020990333	
2894.9020765986	
2894.9058187106	
2894.9058187106	
2894.9028838067	
2894.9023084841	
2894.9023084841	
2894.9023084841	
2894.9023084841	
2894.9023084841	
2894.9023084841	
2894.9014742890	
2894.9014742890	
2894.9014742890	
2894.9014742890	
2894.9016214877	
2894.9018738191	
2894.9016214877	
2894.9016214877	
2894.9016214877	
2894.9016214877	
2894.9016214877	
2894.9016214877	
2894.9016214877	
2894.9016214877	
2894.9016214877	
2894.9016214877	
2894.9016214877	
2894.9016053553	
2894.9014383950	
2894.9933893310	
2894.9014381184	
2894.9014381184	
2894.9014283145	
2894.9014275138	
2894.9014275138	
2894.9137971681	
2894.9137971681	
2894.9137971681	
2894.9137971681	
2894.9137971681	
2894.9137971681	
2894.9014275499	
2894.9014234674	
2894.9014275499	
2894.9014275499	
2894.9014262940	
2894.9014240182	
2894.9014230582	
2894.9014230582	
2894.9014230582	
2894.9014230582	
2894.9014230582	
2894.9014230451	
2894.9014230451	
2894.9014230275	
2894.9014230275	
2894.9014227663	
2894.9014232430	
2894.9014232430	
2894.9014232430	
2894.9014232430	
2894.9014232104	
2894.9014232104	
2894.9014226429	
2894.9014226738	
2894.9014226950	
2894.9014226426	
2894.9014226426	
2894.9014226426	
2894.9014226950	
2894.9014226950	
2894.9014226950	
2894.9014226949	
2894.9014226949	
2894.9014226981	
2894.9014226981	
2894.9014226981	
2894.9014226981	
2894.9014226981	
2894.9014226981	
2894.9014226981	
2894.9014226981	
2894.9014226981	
2894.9014226981	
2894.9014226981	
2894.9014226981	
2894.9014226981	
2894.9014226981	
2894.9014226981	
2894.9014226109	
2894.9014226071	
2894.9014226072	
2894.9014226072	
2894.9014226071	
2894.9014226072	
2894.9014226072	
2894.9014226072	
2894.9014226071	
2894.9014226071	
2894.9014226071	
2894.9014226071	
2894.9014226071	
2894.9014226109	
2894.9014226109	
2894.9014226109	
2894.9014226109	
2894.9014226109	
2894.9014226109	
2894.9014226109	
2894.9014226109	
2894.9014226067	
2894.9014226065	
2894.9014226065	
2894.9014226065	
2894.9014226065	
2894.9014226065	
2894.9014226065	
2894.9014226065	
