3461.2653384642	
3461.2653384642	
3461.2653384642	
3461.2653384642	
3461.2653384642	
3024.3449979833	
3024.3449979833	
3024.3449979833	
3024.3449979833	
3024.3449979833	
3024.3449979833	
3024.3449979833	
3024.3449979833	
3024.3449979833	
2965.9743362556	
2974.2297248004	
2941.8662824021	
2941.6748693541	
2911.1049571344	
2925.8869905884	
2924.3955832403	
2909.8562262162	
2925.8854990410	
2925.8854990410	
2924.0181605799	
2924.0181605799	
2924.0181605799	
2921.0785047108	
2924.3955832403	
2906.2391352453	
2906.2391352453	
2906.2391352453	
2906.2391352453	
2906.2391352453	
2896.7195998741	
2922.2891282745	
2922.2891282745	
2922.2891282745	
2922.0567701843	
2896.6027502423	
2896.6027502423	
2896.6027502423	
2896.6027502423	
2896.3034326603	
2895.1223492687	
2897.2020201393	
2895.1191808941	
2895.1191808941	
2895.1191808941	
2895.1191808941	
2895.1191808941	
2895.1170347624	
2895.1170347624	
2895.1170347624	
2897.1523297977	
2897.1523297977	
2897.1523297977	
2897.1523297977	
2894.9553124998	
2894.9553124998	
2894.9553124998	
2894.9553124998	
2894.9553124998	
2894.9140929960	
2894.9176010519	
2897.8108229556	
2894.9176010519	
2897.8008433457	
2894.9176010519	
2894.9176010519	
2894.9176010519	
2894.9176010519	
2894.9176010519	
2894.9039958770	
2894.9485393883	
2894.9182562554	
2894.9485392620	
2894.9485392620	
2894.9020051287	
2894.9025627969	
2894.9020051287	
2894.9020051287	
2894.9020051287	
2894.9020051287	
2894.9025627969	
2894.9014924419	
2894.9025627969	
2894.9014924419	
2894.9014924419	
2894.9014924419	
2894.9039958770	
2894.9039958770	
2894.9039958770	
2894.9039958770	
2894.9039958770	
2894.9039958770	
2894.9039958770	
2894.9039958770	
2894.9039958770	
2896.4794250092	
2894.9014884320	
2897.9583384497	
2896.4794250092	
2894.9014884320	
2894.9014884320	
2896.4794250092	
2894.9022281592	
2894.9014550346	
2894.9021524558	
2894.9021524558	
2894.9021524558	
2894.9014607453	
2894.9014348165	
2894.9014261632	
2894.9014342024	
2894.9014430677	
2894.9014256272	
2894.9024518971	
2894.9014299127	
2894.9014299127	
2894.9024518971	
2894.9024518971	
2894.9014299127	
2894.9024518971	
2894.9024333042	
2894.9024155188	
2894.9014430677	
2894.9014430677	
2894.9014430677	
2894.9014430677	
2894.9014430677	
2894.9014430677	
2894.9014243158	
2894.9014230239	
2894.9014243158	
2894.9014243158	
2894.9014243153	
2894.9014243153	
2894.9014243153	
2894.9014243153	
2894.9014230429	
2894.9014230429	
2894.9014230429	
2894.9014230429	
2894.9014230239	
2894.9014230239	
2894.9014228302	
2894.9014646455	
2894.9014228302	
2894.9014228302	
2894.9014228302	
2894.9014228302	
2894.9014228300	
2894.9014228120	
2894.9014226275	
2894.9014226308	
2894.9014226275	
2894.9014226150	
2894.9014226308	
2894.9014226308	
2894.9014226308	
2894.9014226308	
2894.9014226308	
2894.9014226128	
2894.9014226290	
2894.9014226147	
2894.9014226147	
2894.9014226147	
2894.9014226103	
2894.9014226072	
2894.9014226072	
2894.9014226102	
2894.9014226072	
2894.9014226072	
2894.9014226072	
2894.9014226102	
2894.9014226102	
2894.9014226102	
2894.9014226102	
2894.9014226073	
2894.9014232899	
2894.9014232899	
2894.9014232899	
2894.9014232899	
2894.9014232899	
2894.9014232899	
2894.9014232899	
2894.9014232899	
2894.9014231237	
2894.9014226079	
2894.9014226079	
2894.9014226079	
2894.9014226065	
2894.9014226065	
2894.9014226065	
2894.9014226065	
2894.9014226065	
2894.9014226065	
2894.9014226065	
2894.9014226065	
