3301.9723047667	
3332.3156551366	
3109.5874685705	
3081.0267389053	
3081.0267389053	
2982.1465726615	
3149.7166670113	
2982.1465726615	
2982.1465726615	
2982.1465726615	
2982.1465726615	
2982.1465726615	
2982.1465726615	
2982.1465726615	
2982.1465726615	
2982.1465726615	
2924.6747823292	
2922.5803285621	
2921.5420050393	
2912.2032299706	
2909.6851617932	
2908.9057211893	
2906.9361538907	
2921.3981167753	
2909.6851617932	
2921.3208310484	
2921.3208310484	
2909.6851617932	
2909.6851617932	
2909.6851617932	
2907.4887819507	
2907.4887819507	
2907.4887819507	
2908.8604778932	
2908.8604778932	
2908.3837337336	
2908.3837337336	
2908.3837337336	
2908.3837337336	
2908.3837337336	
2908.3837337336	
2906.9870256315	
2895.9430784136	
2895.9568913880	
2895.9430784136	
2895.9430784136	
2895.9430784136	
2895.9430784136	
2895.9430784136	
2895.9568913880	
2895.9568913880	
2895.9568913880	
2895.9568913880	
2895.9568913880	
2895.9568913880	
2895.6967418959	
2894.9355276360	
2895.3853188252	
2895.3853188252	
2895.3853188252	
2895.3853188252	
2895.3853188252	
2895.1107136709	
2895.1107136709	
2895.1107136709	
2894.9343800141	
2894.9343800141	
2894.9070275781	
2895.0509891444	
2895.0825340143	
2894.9045975435	
2894.9040553006	
2894.9063112180	
2894.9070275781	
2894.9063112180	
2894.9063112180	
2894.9063112180	
2894.9069594890	
2894.9069594890	
2894.9062698395	
2894.9062698395	
2894.9062698395	
2894.9062698395	
2894.9062628116	
2894.9062628116	
2894.9062628116	
2895.0509891444	
2894.9020729739	
2894.9019363605	
2894.9020660224	
2894.9020660224	
2894.9020660224	
2894.9020660224	
2894.9020660224	
2894.9020660224	
2894.9020660224	
2894.9020646565	
2894.9020646565	
2894.9019194770	
2894.9019194770	
2894.9019164315	
2894.9019272555	
2894.9019272555	
2894.9019272555	
2894.9019272555	
2894.9019272555	
2894.9019272555	
2894.9019272555	
2894.9014776131	
2894.9014534790	
2894.9014334259	
2894.9014705799	
2894.9014705799	
2894.9014534790	
2894.9014534790	
2894.9014534790	
2894.9014534790	
2894.9014263452	
2894.9014256713	
2894.9014256713	
2894.9014256713	
2894.9030494963	
2894.9014240182	
2894.9014262401	
2894.9014262401	
2894.9014262401	
2894.9014262401	
2894.9014262401	
2894.9016242002	
2894.9014265485	
2894.9014237145	
2894.9014237145	
2894.9014237145	
2894.9014237145	
2894.9014265485	
2894.9014265485	
2894.9014265485	
2894.9014265485	
2894.9014265485	
2894.9014265485	
2894.9014265485	
2894.9014265485	
2894.9014265485	
2894.9014265485	
2894.9014265485	
2894.9014254322	
2894.9014254322	
2894.9014254203	
2894.9014226927	
2894.9014226793	
2894.9014226184	
2894.9014226793	
2894.9014226793	
2894.9014226793	
2894.9014226793	
2894.9014226793	
2894.9014226793	
2894.9014226184	
2894.9014226184	
2894.9014226184	
2894.9014226157	
2894.9014226405	
2894.9014228339	
2894.9014228339	
2894.9014228339	
2894.9014228339	
2894.9014228339	
2894.9014226086	
2894.9014226077	
2894.9014226086	
2894.9014226086	
2894.9014226086	
2894.9014226086	
2894.9014226084	
2894.9014226084	
2894.9014235040	
2894.9014226223	
2894.9014235040	
2894.9014235040	
2894.9014235040	
2894.9014234932	
2894.9014234932	
2894.9014226202	
2894.9014226202	
2894.9014226066	
2894.9014226065	
2894.9014226065	
2894.9014226065	
2894.9014226065	
2894.9014226066	
2894.9014226066	
2894.9014226066	
2894.9014226066	
2894.9014226066	
2894.9014226066	
2894.9014226066	
2894.9014226066	
2894.9014226064	
2894.9014226064	
2894.9014226064	
