3173.4079844819	
3162.3989788134	
3162.3989788134	
3162.3989788134	
3162.3989788134	
3162.3989788134	
3162.3989788134	
3162.3989788134	
2933.0855001957	
2933.0855001957	
2933.0855001957	
2960.6779413428	
2950.6882649606	
2933.8674779467	
2901.1287507405	
2901.1287507405	
2901.1287507405	
2913.1027546228	
2899.4298646870	
2909.2054058663	
2901.5054524494	
2898.6647346781	
2899.4298646870	
2899.4298646870	
2899.4298646870	
2899.4298646870	
2898.2571667095	
2898.2571667095	
2897.4790256876	
2898.2411144387	
2898.2411144387	
2898.2411144387	
2898.2411144387	
2898.2411144387	
2898.2411144387	
2897.0486484247	
2897.4031214844	
2895.5663793348	
2895.8135905843	
2895.3376405899	
2895.8135905843	
2895.3376405899	
2895.3376405899	
2895.3376405899	
2895.8135905843	
2895.8135905843	
2895.8135905843	
2895.5663793348	
2895.5663793348	
2895.5663793348	
2895.5663793348	
2895.5663793348	
2895.0373699730	
2894.9345197350	
2895.3070874579	
2894.9344822487	
2894.9344822487	
2894.9344822487	
2894.9311391876	
2894.9311391876	
2894.9311391876	
2894.9311391876	
2894.9311391876	
2894.9311391876	
2895.0346861924	
2895.0346861924	
2895.0346861924	
2895.0346861924	
2895.0346861924	
2894.9364617294	
2894.9043002315	
2895.0678949908	
2894.9364617294	
2894.9043002315	
2894.9364617294	
2894.9364617294	
2894.9364617294	
2894.9363336892	
2894.9363052308	
2894.9363052308	
2894.9363052308	
2894.9363052308	
2894.9043206314	
2894.9018049608	
2894.9664495093	
2894.9018049608	
2894.9591929944	
2894.9042920134	
2894.9042920134	
2894.9042662271	
2894.9591929944	
2894.9591929944	
2894.9591929944	
2894.9591929944	
2894.9591929944	
2894.9591929944	
2897.5027479011	
2894.9015061478	
2897.5027479011	
2897.5027479011	
2897.5027479011	
2897.5027479011	
2897.5027479011	
2897.5027479011	
2897.5027479011	
2897.5027479011	
2897.5027479011	
2897.5027479011	
2894.9015451288	
2894.9022775027	
2894.9025090493	
2894.9025090493	
2894.9025090493	
2894.9025090493	
2894.9022775027	
2894.9022775027	
2894.9022775027	
2894.9022741209	
2894.9022741209	
2894.9022741209	
2894.9022706854	
2894.9022706854	
2894.9014380893	
2894.9014350924	
2894.9014380893	
2894.9014380893	
2894.9014380893	
2894.9014380893	
2894.9014380158	
2894.9014350924	
2894.9014541093	
2894.9014541093	
2894.9014541093	
2894.9014541093	
2894.9014255104	
2894.9014306023	
2894.9014256090	
2894.9014256090	
2894.9014256090	
2894.9014256068	
2894.9014256068	
2894.9014254703	
2894.9014306023	
2894.9014306023	
2894.9014306023	
2894.9014240063	
2894.9014246672	
2894.9014289619	
2894.9014246672	
2894.9014239520	
2894.9014253445	
2894.9014253445	
2894.9014253445	
2894.9014253445	
2894.9014253368	
2894.9014246345	
2894.9014246345	
2894.9014246345	
2894.9014246345	
2894.9014239520	
2894.9014239520	
2894.9014227441	
2894.9014227632	
2894.9014226619	
2894.9014249103	
2894.9014226619	
2894.9014226619	
2894.9014226608	
2894.9014226608	
2894.9014226443	
2894.9014226443	
2894.9014226443	
2894.9014226443	
2894.9014226441	
2894.9014268890	
2894.9014226235	
2894.9014226152	
2894.9014268890	
2894.9014226122	
2894.9014226130	
2894.9014226122	
2894.9014226122	
2894.9014226122	
2894.9014226122	
2894.9014226121	
2894.9014226121	
2894.9014226121	
2894.9014226152	
2894.9014226152	
2894.9014226152	
2894.9014226152	
2894.9014226139	
2894.9014226139	
2894.9014226139	
2894.9014226086	
2894.9014226067	
2894.9014226080	
2894.9014226065	
2894.9014226067	
2894.9014226066	
