5429.2780675841	
5381.3860246577	
5381.3860246577	
5381.3860246577	
5378.6240015333	
5378.6240015333	
2918.4659271745	
2918.4659271745	
2918.4659271745	
2918.2008330058	
2917.9826447476	
2913.8102853748	
2913.8102853748	
2913.8102853748	
2911.6706789076	
2911.6706789076	
2910.4470269312	
2908.8041343325	
2908.8041343325	
2908.8041343325	
2908.8041343325	
2908.8041343325	
2908.8041343325	
2908.8041343325	
2901.8283424658	
2899.8793984997	
2901.8283424658	
2901.8283424658	
2901.8283424658	
2901.8283424658	
2901.8173118528	
2901.8173118528	
2901.8173118528	
2901.8173118528	
2901.8173118528	
2899.8792668476	
2899.8792668476	
2899.8792668476	
2899.8792668476	
2899.8543884441	
2899.8543884441	
2899.8543884441	
2899.8543884441	
2899.8431096124	
2899.8431096124	
2899.8431096124	
2899.8431096124	
2895.6701693159	
2897.0548606554	
2895.6701693159	
2897.0532342066	
2895.6701693159	
2895.6701693159	
2895.6701693159	
2895.6701693159	
2894.9720807379	
2896.8460221305	
2894.9521620047	
2896.8460221305	
2894.9545611450	
2898.8166703104	
2894.9536381131	
2894.9536381131	
2894.9536381131	
2894.9536381131	
2894.9477641817	
2898.7461359731	
2898.7461359731	
2898.7461359731	
2898.7461359731	
2898.7461359731	
2898.7461359731	
2898.7461359731	
2898.7461359731	
2894.9121405939	
2894.9154597718	
2894.9285322020	
2894.9325546620	
2894.9069935559	
2894.9325288940	
2894.9069935559	
2894.9069935559	
2894.9069786937	
2894.9074617935	
2894.9107757394	
2894.9029096142	
2894.9683275438	
2894.9107757394	
2894.9029096142	
2894.9107757394	
2894.9107590058	
2894.9107590058	
2894.9105579003	
2894.9105579003	
2894.9105579003	
2894.9028788282	
2894.9028788282	
2894.9028788282	
2894.9028788282	
2894.9025961873	
2894.9023567737	
2894.9016221058	
2894.9016221058	
2894.9016221058	
2894.9016221042	
2894.9016221042	
2894.9023536890	
2894.9023536890	
2894.9023536890	
2894.9023536890	
2894.9028147176	
2894.9015099033	
2894.9015855672	
2894.9015871514	
2894.9014730644	
2894.9015871514	
2894.9015871514	
2894.9015696892	
2894.9015696892	
2894.9015696892	
2894.9015696892	
2894.9015696892	
2894.9015696892	
2894.9014246763	
2894.9014243446	
2894.9014243446	
2894.9014262268	
2894.9014262268	
2894.9014262268	
2894.9014262268	
2894.9014262268	
2894.9014262268	
2894.9014252157	
2894.9014450772	
2894.9020676801	
2894.9020676801	
2894.9020676801	
2894.9014230453	
2894.9014230820	
2894.9014228965	
2894.9014227633	
2894.9014227633	
2894.9014227633	
2894.9014227633	
2894.9014227633	
2894.9014227633	
2894.9014227478	
2894.9014227478	
2894.9014226561	
2894.9014230376	
2894.9014230376	
2894.9014230376	
2894.9014226492	
2894.9014226289	
2894.9014226685	
2894.9014226685	
2894.9014226289	
2894.9014226289	
2894.9014226289	
2894.9014226289	
2894.9014226289	
2895.2013325270	
2894.9014226101	
2894.9014226142	
2894.9014226724	
2894.9014226101	
2894.9014226142	
2895.2001894956	
2895.2001894956	
2894.9014226142	
2894.9014226142	
2894.9014226142	
2894.9014226142	
2894.9014226142	
2894.9014226142	
2894.9014226142	
2894.9014226079	
2894.9014226073	
2894.9014227086	
2894.9014226073	
2894.9014226073	
2894.9014227086	
2894.9014227086	
2894.9014227086	
2894.9014227086	
2894.9014227086	
2894.9014227086	
2894.9014226072	
2894.9014226066	
2894.9014233273	
2894.9014226066	
2894.9014226065	
2894.9014226065	
2894.9014226065	
2894.9014226065	
2894.9014226065	
2894.9014226065	
2894.9014226065	
2894.9014226065	
2894.9014226065	
