3107.7300513358	
3071.0913115152	
3071.0913115152	
3071.0913115152	
3071.0913115152	
2968.1485114649	
2968.1485114649	
2968.1485114649	
2968.1485114649	
2965.2856110377	
2965.2856110377	
2941.6258948981	
2929.8725403558	
2924.6958050121	
2911.6975179047	
2919.9018914316	
2922.5612688471	
2918.1771632701	
2918.1771632701	
2918.1771632701	
2931.6733821320	
2907.1977322916	
2907.1977322916	
2907.1977322916	
2907.1977322916	
2907.1977322916	
2907.1977322916	
2931.4620335691	
2931.4620335691	
2931.4620335691	
2931.4620335691	
2931.4620335691	
2898.9031398636	
2895.2108728731	
2895.4686740180	
2895.2067687276	
2895.4686740180	
2895.4442986877	
2895.3760470318	
2895.4028134016	
2895.4028134016	
2895.4028134016	
2895.3760470318	
2895.4028134016	
2895.3715311919	
2895.0157054905	
2895.0157054905	
2895.0157054905	
2895.0157054905	
2895.0157054905	
2895.0157054905	
2895.0157054905	
2895.0157054905	
2894.9382101011	
2894.9307265752	
2894.9253923382	
2894.9307265752	
2894.9253923382	
2894.9253923382	
2894.9253923382	
2894.9253025721	
2894.9253923382	
2894.9253923382	
2894.9253025721	
2894.9253025721	
2894.9253025721	
2894.9253025721	
2894.9035525072	
2894.9067376930	
2895.0940474238	
2894.9106987857	
2895.0680933019	
2894.9106531867	
2894.9106531867	
2894.9106531867	
2894.9106531867	
2894.9106531867	
2894.9098073927	
2894.9094587031	
2894.9094587031	
2894.9094587031	
2894.9064214661	
2894.9315013581	
2894.9315013581	
2894.9315013581	
2894.9015334099	
2894.9015943218	
2894.9014984779	
2894.9014984779	
2894.9014984779	
2894.9015203589	
2894.9015203589	
2894.9015203589	
2894.9019282161	
2894.9019282161	
2894.9019282161	
2894.9019282161	
2894.9019282161	
2894.9019282161	
2894.9014429071	
2894.9014373566	
2894.9014373566	
2894.9014373566	
2894.9014373566	
2894.9014371001	
2894.9014371001	
2894.9014371001	
2894.9014371001	
2894.9014371027	
2894.9014371027	
2894.9014371027	
2894.9014371027	
2894.9014371027	
2894.9014293233	
2894.9014293233	
2894.9014293233	
2894.9014293233	
2894.9014288141	
2894.9014288141	
2894.9014288130	
2894.9014278044	
2894.9014278044	
2894.9015276044	
2894.9014247249	
2894.9014233855	
2894.9014231347	
2894.9014233519	
2894.9014233519	
2894.9014233519	
2894.9014233519	
2894.9014233519	
2894.9014233519	
2894.9014230181	
2894.9014236622	
2894.9015276044	
2894.9014248633	
2894.9014248633	
2894.9014248633	
2894.9014283669	
2894.9014228592	
2894.9014236622	
2894.9014236622	
2894.9014236622	
2894.9014236622	
2894.9014236622	
2894.9014283669	
2894.9014226858	
2894.9014227585	
2894.9014226858	
2894.9014226858	
2894.9014226858	
2894.9014226858	
2894.9014226858	
2894.9014226858	
2894.9014226858	
2894.9014226857	
2894.9014227585	
2894.9014227585	
2894.9014227585	
2894.9014227585	
2894.9014226101	
2894.9014226111	
2894.9014226200	
2894.9014226101	
2894.9014226101	
2894.9014226101	
2894.9014226101	
2894.9014226101	
2894.9014226101	
2894.9014226101	
2894.9014226200	
2894.9014226200	
2894.9014226200	
2894.9014226200	
2894.9014226200	
2894.9014226200	
2894.9014226195	
2894.9014226195	
2894.9014226195	
2894.9014226195	
2894.9014226195	
2894.9014226065	
2894.9014226065	
2894.9014226065	
2894.9014226065	
2894.9014226065	
2894.9014226065	
2894.9014226065	
2894.9014226065	
2894.9014226065	
2894.9014226065	
2894.9014226065	
2894.9014226065	
2894.9014226065	
2894.9014226065	
2894.9014226065	
2894.9014226065	
2894.9014226065	
2894.9014226065	
2894.9014226065	
