3303.1752325190	
3295.8506462003	
3295.8506462003	
3114.5849646712	
3142.6933778234	
3112.3687351753	
3287.4771485960	
3287.4771485960	
3104.8229500551	
3104.8229500551	
3104.8229500551	
3104.8229500551	
3104.8229500551	
3000.7993038627	
2936.8130174323	
3000.7993038627	
2936.8130174323	
2936.8130174323	
2936.8130174323	
2916.6780330238	
2922.6940909187	
2922.6940909187	
2922.6940909187	
2922.6940909187	
2922.6940909187	
2922.3743124300	
2922.3743124300	
2922.3743124300	
2922.3743124300	
2904.5481040876	
2905.0233139998	
2907.0164674469	
2904.5426319232	
2904.5426319232	
2904.5426319232	
2904.5426319232	
2904.5426319232	
2904.2149613822	
2903.6332717101	
2903.6332717101	
2903.6332717101	
2903.4454403115	
2903.4454403115	
2903.4454403115	
2895.9208394644	
2895.9208394644	
2895.8237158699	
2895.8237158699	
2895.9208394644	
2895.9208394644	
2895.9208394644	
2895.8746322014	
2895.8746322014	
2901.2740265826	
2895.1440333491	
2895.1440333491	
2895.1440333491	
2895.1354049608	
2895.1354049608	
2895.1354049608	
2895.1354049608	
2895.1354049608	
2901.2673781769	
2901.2673781769	
2901.2673781769	
2895.0475014466	
2894.9221858111	
2895.0475014466	
2895.0475014466	
2895.0475014466	
2895.0475014466	
2895.0462811290	
2894.9297941940	
2895.0072842648	
2894.9291193757	
2894.9291193757	
2894.9291193757	
2894.9291193757	
2894.9048911380	
2894.9044500486	
2894.9047037679	
2894.9048909709	
2894.9048909709	
2894.9046157172	
2894.9044500486	
2894.9044500486	
2894.9044500486	
2894.9044500486	
2894.9044500486	
2894.9044500486	
2894.9554636793	
2894.9020928773	
2894.9020928773	
2894.9020928773	
2894.9020928773	
2894.9015331486	
2894.9023741498	
2894.9034484519	
2894.9015331486	
2894.9034484519	
2894.9015331486	
2894.9015331486	
2894.9015331486	
2894.9015331486	
2894.9015331486	
2894.9015331558	
2894.9014756176	
2894.9014542838	
2894.9014756176	
2894.9063032146	
2894.9014407506	
2894.9014542838	
2894.9014407317	
2894.9014407317	
2894.9014407317	
2894.9014407317	
2894.9014407317	
2894.9052119340	
2894.9052119340	
2894.9052119340	
2894.9052119340	
2894.9052119340	
2894.9052119340	
2894.9052119340	
2894.9052119340	
2894.9052119340	
2894.9052119340	
2894.9014512192	
2894.9014512192	
2894.9014512192	
2894.9014512192	
2894.9014512192	
2894.9014501156	
2894.9014501156	
2894.9014501156	
2894.9014501156	
2894.9014501156	
2894.9014501156	
2894.9014232350	
2894.9014249551	
2894.9014298917	
2894.9014239447	
2894.9014270651	
2894.9014270651	
2894.9014270651	
2894.9014270651	
2894.9014270451	
2894.9014270451	
2894.9014270451	
2894.9014270451	
2894.9014230386	
2894.9014240514	
2894.9014230386	
2894.9014230386	
2894.9014229980	
2894.9014229980	
2894.9014229980	
2894.9014229980	
2894.9014229980	
2894.9014226762	
2894.9014226360	
2894.9014226354	
2894.9014226364	
2894.9014226364	
2894.9014226364	
2894.9014226364	
2894.9014226364	
2894.9014226364	
2894.9014226295	
2894.9014226295	
2894.9014230651	
2894.9014226762	
2894.9014226762	
2894.9014226762	
2894.9014226762	
2894.9014226762	
2894.9014226762	
2894.9014226762	
2894.9014230632	
2894.9014230632	
2894.9014230632	
2894.9014226168	
2894.9014226174	
2894.9014226174	
2894.9014226174	
2894.9014226174	
2894.9014226174	
2894.9014226174	
2894.9014226174	
2894.9014226851	
2894.9014226851	
2894.9014226851	
2894.9014226851	
2894.9014226851	
2894.9014226851	
2894.9014226851	
2894.9014226851	
2894.9014226851	
2894.9014226851	
2894.9014226851	
