5304.3926111726	
5304.3926111726	
3145.8541192558	
3090.3818799807	
3090.3818799807	
2960.4015779891	
2960.4015779891	
2963.2290280921	
2983.5513071746	
2963.2290280921	
2962.6007881705	
2962.6007881705	
2962.6007881705	
2937.9776662063	
2921.2403805341	
2919.7523227336	
2925.1851696341	
2919.3021454131	
2909.2841241080	
2925.4938296659	
2925.4938296659	
2910.3823924717	
2924.2075850661	
2924.2075850661	
2924.2075850661	
2924.2075850661	
2924.2075850661	
2924.2075850661	
2924.2075850661	
2925.1851696341	
2922.5996425516	
2922.5996425516	
2899.2994577361	
2896.4677900784	
2896.4677900784	
2896.4677900784	
2896.4677900784	
2896.4677900784	
2896.4677900784	
2895.2525760223	
2895.2525760223	
2895.2525760223	
2897.8401709820	
2897.8401709820	
2897.8401709820	
2897.8401709820	
2897.8401709820	
2895.0244242373	
2894.9497699049	
2895.0244242373	
2895.0244242373	
2895.0244242373	
2895.0150922205	
2895.0044975930	
2895.0041897748	
2895.0041897748	
2894.9502208549	
2894.9502208549	
2894.9502208549	
2894.9502208549	
2894.9502208549	
2894.9502208549	
2894.9502208549	
2894.9502208549	
2894.9364549989	
2894.9364549989	
2894.9364549989	
2894.9364549989	
2894.9121207293	
2894.9034885865	
2894.9029811785	
2894.9034885865	
2894.9638798261	
2894.9116662967	
2894.9110471911	
2894.9110471911	
2894.9638798261	
2894.9638798261	
2894.9638798261	
2894.9638798261	
2894.9638798261	
2894.9638798261	
2894.9638798261	
2894.9019564228	
2894.9022962446	
2894.9016197236	
2894.9014749383	
2894.9015439426	
2894.9037657407	
2894.9022962446	
2894.9019108319	
2894.9019108319	
2894.9019108319	
2894.9019108319	
2894.9019108319	
2894.9019108319	
2894.9019108319	
2894.9019101224	
2894.9014286216	
2894.9014267544	
2894.9014293110	
2894.9022874340	
2894.9014298232	
2894.9014288710	
2894.9014288710	
2894.9014288710	
2894.9022874340	
2894.9022874340	
2894.9022874340	
2894.9022874340	
2894.9022850899	
2894.9014285145	
2894.9014285145	
2894.9014285145	
2894.9014285145	
2894.9014267531	
2894.9014820433	
2894.9014392671	
2894.9014820433	
2894.9014820433	
2894.9014820433	
2894.9014820433	
2894.9014820433	
2894.9014226484	
2894.9014226656	
2894.9014226656	
2894.9014226581	
2894.9014226349	
2894.9014226484	
2894.9014226581	
2894.9014226581	
2894.9014226581	
2894.9014226581	
2894.9014226581	
2894.9014226581	
2894.9014226273	
2894.9014226273	
2894.9014226273	
2894.9014226273	
2894.9014226204	
2894.9014226204	
2894.9014226204	
2894.9014226092	
2894.9014226582	
2894.9014229440	
2894.9014226076	
2894.9014226092	
2894.9014226092	
2894.9014226092	
2894.9014226092	
2894.9014226092	
2894.9014226092	
2894.9014226092	
2894.9014226092	
2894.9014226089	
2894.9014229427	
2894.9014226078	
2894.9014226078	
2894.9014226077	
2894.9014226077	
2894.9014226077	
2894.9014226077	
2894.9014226077	
2894.9014226077	
2894.9014226077	
2894.9014226077	
2894.9014229427	
2894.9014229427	
2894.9014229427	
2894.9014229427	
2894.9014229424	
2894.9014229424	
2894.9014229424	
2894.9014226080	
2894.9014226064	
2894.9014226068	
2894.9014226068	
2894.9014226068	
2894.9014226068	
2894.9014226068	
2894.9014226065	
2894.9014226072	
2894.9014226064	
2894.9014226065	
2894.9014226065	
2894.9014226065	
2894.9014226065	
2894.9014226065	
2894.9014226065	
2894.9014226065	
2894.9014226065	
2894.9014226064	
2894.9014226064	
2894.9014226064	
2894.9014226064	
2894.9014226064	
2894.9014226064	
2894.9014226064	
2894.9014226064	
2894.9014226064	
