3016.7818941464	
3016.7818941464	
3621.4907744384	
3610.6516299617	
3610.6516299617	
3610.6516299617	
3610.6516299617	
3076.2318271267	
3057.8779990717	
3057.8779990717	
2994.8884582683	
2942.9918909901	
2994.8884582683	
2942.9918909901	
2942.9918909901	
2942.9918909901	
2942.9265028740	
2942.9265028740	
2942.9265028740	
2942.9265028740	
2942.9265028740	
2942.9265028740	
2942.9265028740	
2913.5671165992	
2913.5671165992	
2913.5671165992	
2913.5671165992	
2913.5671165992	
2909.3972458099	
2907.4387029194	
2907.4387029194	
2907.4088124878	
2907.4088124878	
2907.3960500893	
2907.3960500893	
2907.3960500893	
2906.6734548197	
2901.8486621469	
2901.8486621469	
2909.3972458099	
2901.8486621469	
2901.8486621469	
2901.8486621469	
2901.8480758017	
2901.8355663527	
2901.8332982503	
2901.8267753075	
2901.8267753075	
2909.3972458099	
2909.3972458099	
2909.3972458099	
2901.2144115829	
2901.2144115829	
2901.2144115829	
2901.2144115829	
2901.2144115829	
2901.2144115829	
2900.8648179239	
2900.8648179239	
2900.8648179239	
2900.8648179239	
2900.8648179239	
2900.8648179239	
2901.2992504995	
2896.0140729710	
2898.7263242594	
2901.2992504995	
2896.0075197777	
2896.0075197777	
2896.0075197777	
2901.2992504995	
2896.0075197777	
2895.9987276361	
2895.9987276361	
2901.2992504995	
2901.2992504995	
2901.2992504995	
2901.2992504995	
2901.2992504995	
2898.7263242594	
2894.9364951167	
2894.9615784689	
2894.9449615738	
2894.9364951167	
2898.7263242594	
2894.9364951167	
2894.9364951167	
2894.9364951167	
2894.9364951167	
2894.9364951167	
2894.9364951167	
2894.9364951167	
2894.9364951167	
2894.9364951167	
2894.9364951167	
2894.9364951167	
2894.9364951167	
2894.9364951167	
2894.9364951167	
2894.9106811033	
2894.9106811033	
2894.9106811033	
2894.9090614010	
2894.9090614010	
2894.9090472820	
2894.9019324146	
2894.9114389605	
2894.9031048377	
2894.9018406686	
2894.9114167825	
2894.9114167825	
2894.9017846309	
2894.9017795183	
2894.9016991087	
2897.1935127199	
2894.9541743737	
2894.9017469828	
2894.9030156323	
2894.9541743737	
2894.9019137723	
2894.9030026907	
2894.9030026907	
2894.9030026907	
2894.9030026907	
2894.9019137723	
2894.9019137723	
2894.9018748739	
2894.9015126895	
2894.9015480446	
2894.9015126895	
2894.9015126895	
2894.9015462947	
2894.9015462947	
2894.9014800555	
2894.9014800555	
2894.9014779964	
2894.9014779964	
2894.9014779964	
2894.9014779964	
2894.9014779964	
2894.9014779964	
2894.9014779964	
2894.9014394803	
2894.9014394803	
2894.9014394803	
2894.9014394803	
2894.9014394803	
2894.9026309394	
2894.9014306842	
2894.9014306842	
2894.9014306842	
2894.9014306842	
2894.9014234850	
2894.9014232742	
2894.9014250086	
2894.9014363959	
2894.9014230907	
2894.9014234850	
2894.9014234850	
2894.9014234850	
2894.9014234850	
2894.9014228227	
2894.9014256574	
2894.9014227656	
2894.9014227494	
2894.9014228227	
2894.9014228227	
2894.9014228227	
2894.9014228227	
2894.9014228227	
2894.9014228227	
2894.9014228227	
2894.9014249205	
2894.9014249205	
2894.9014249205	
2894.9014249205	
2894.9014249205	
2894.9014249205	
2894.9014227494	
2894.9014227494	
2894.9014227494	
2894.9014227494	
2894.9014227494	
2894.9014227492	
2894.9014227492	
2894.9014227492	
2894.9014227492	
2894.9014226258	
2894.9014226339	
2894.9014226183	
2894.9014226183	
2894.9014226183	
2894.9014226183	
2894.9014226183	
2894.9014226183	
2894.9014226183	
2894.9014226183	
2894.9014226183	
2894.9014226183	
2894.9014226151	
