2993.8746208853	
3043.2263209996	
3071.9335612116	
3071.9335612116	
2922.1484693435	
2922.1484693435	
2921.7810165633	
2921.7810165633	
2921.7810165633	
2921.0183272525	
2921.0183272525	
2904.7352551686	
2904.7352551686	
2904.7352551686	
2904.7352551686	
2904.7352551686	
2904.7352551686	
2900.5403774719	
2900.1799265134	
2902.9370984867	
2898.3817423922	
2900.1799265134	
2900.1799265134	
2900.1799265134	
2900.1799265134	
2896.3656428202	
2902.9370984867	
2902.9370984867	
2902.9355027989	
2902.9355027989	
2897.2886368995	
2895.3624465831	
2895.3226411407	
2895.2182764049	
2895.3226411407	
2895.3226411407	
2895.3226411407	
2895.3226411407	
2895.3226411407	
2895.2182764049	
2895.2182764049	
2895.2182764049	
2895.2182764049	
2895.2182764049	
2895.2182764049	
2897.1862342618	
2897.1862342618	
2897.1862342618	
2894.9329239438	
2896.8803627200	
2894.9329239438	
2894.9275355885	
2894.9275355885	
2894.9275355885	
2894.9275355885	
2894.9275355885	
2894.9275355885	
2894.9039389404	
2894.9058250988	
2894.9039389404	
2894.9039389404	
2894.9039389404	
2894.9039389404	
2894.9038851133	
2894.9038851133	
2894.9038851133	
2894.9038851133	
2894.9048067652	
2894.9048067652	
2894.9048067652	
2894.9048067652	
2894.9047250298	
2894.9034225404	
2894.9018509568	
2894.9016700299	
2894.9016312417	
2894.9034225404	
2894.9016698703	
2894.9016698703	
2894.9016698703	
2894.9016698703	
2894.9034212137	
2894.9034212137	
2894.9033377094	
2894.9033377094	
2894.9033377094	
2894.9015250682	
2894.9024312067	
2894.9016755442	
2894.9015632444	
2894.9024312067	
2894.9024312067	
2894.9024312067	
2894.9024312067	
2894.9016755442	
2894.9016755442	
2894.9016755442	
2894.9016128963	
2894.9015005829	
2894.9015005829	
2894.9015005829	
2894.9015005829	
2894.9014358911	
2894.9014247237	
2894.9014247237	
2894.9014247237	
2894.9014247237	
2894.9014247237	
2894.9014247237	
2894.9014247237	
2894.9014247237	
2894.9014247237	
2894.9014247237	
2894.9014381332	
2894.9018787001	
2895.0664510614	
2894.9014232822	
2894.9014568881	
2894.9018787001	
2894.9018787001	
2894.9018787001	
2894.9018787001	
2894.9018787001	
2894.9018787001	
2895.0664510614	
2894.9014561728	
2895.0664510614	
2894.9014561728	
2894.9014561728	
2894.9014561728	
2894.9014561728	
2894.9014226570	
2894.9014226473	
2894.9014226473	
2894.9014226473	
2894.9014226473	
2894.9014226473	
2894.9014226473	
2894.9014226473	
2894.9014226105	
2894.9014226105	
2894.9014226105	
2894.9014226151	
2894.9014226085	
2894.9014226151	
2894.9014226151	
2894.9014226151	
2894.9014226151	
2894.9014226151	
2894.9014226151	
2894.9014227234	
2894.9014226099	
2894.9014227234	
2894.9014227234	
2894.9014227234	
2894.9014227234	
2894.9014227234	
2894.9014227234	
2894.9014227234	
2894.9014227234	
2894.9014226092	
2894.9014226092	
2894.9014226092	
2894.9014226092	
2894.9014226092	
2894.9014226065	
2894.9014226065	
2894.9014226065	
2894.9014226065	
2894.9014226065	
2894.9014226065	
2894.9014226065	
2894.9014226065	
2894.9014226064	
2894.9014226064	
2894.9014226065	
2894.9014226067	
2894.9014226064	
2894.9014226064	
2894.9014226064	
2894.9014226064	
2894.9014226064	
2894.9014226064	
2894.9014226065	
2894.9014226065	
2894.9014226064	
2894.9014226064	
2894.9014226067	
2894.9014226067	
2894.9014226067	
2894.9014226064	
2894.9014226064	
2894.9014226064	
2894.9014226064	
2894.9014226064	
2894.9014226064	
2894.9014226064	
2894.9014226064	
2894.9014226064	
2894.9014226064	
