2911.6670581740	
3934.2260788640	
3199.3240680679	
2997.3328819738	
2997.3328819738	
2997.3328819738	
2997.3328819738	
2981.5622168307	
2942.7082478132	
2923.3275275843	
2923.3275275843	
2918.4842382286	
2917.3789115334	
2917.3789115334	
2917.3789115334	
2917.3789115334	
2917.1495442779	
2906.6048299415	
2918.5878053513	
2906.3364563289	
2906.3364563289	
2906.3364563289	
2906.3364563289	
2900.8270155679	
2900.8270155679	
2900.8270155679	
2899.7400893421	
2899.5524158477	
2907.3807795423	
2918.5878053513	
2899.7400893421	
2918.5878053513	
2918.5878053513	
2918.5878053513	
2899.7323551734	
2899.7323551734	
2899.7323551734	
2899.7323551734	
2899.6821411865	
2899.6821411865	
2899.6821411865	
2899.6821411865	
2899.5076541714	
2899.5076541714	
2899.5076541714	
2899.5076541714	
2896.1179603141	
2898.1569019866	
2897.0526886945	
2895.5557868066	
2895.5557868066	
2895.5556852652	
2895.5556852652	
2895.5556852652	
2895.5556852652	
2895.5556852652	
2895.5556852652	
2897.0526886945	
2897.0526886945	
2897.0457790226	
2897.0457790226	
2897.0457790226	
2897.0457790226	
2897.0457790226	
2894.9215773269	
2894.9215773269	
2894.9215773269	
2894.9215773269	
2894.9215773269	
2895.2461324051	
2894.9105640840	
2894.9092505349	
2895.2461324051	
2895.2461324051	
2895.2461324051	
2895.2461324051	
2895.2459851724	
2895.2445388132	
2895.2445388132	
2895.2445388132	
2895.2445388132	
2894.9040270628	
2895.2225387233	
2894.9217051452	
2894.9040270628	
2894.9092505349	
2894.9092505349	
2894.9092505349	
2894.9092505349	
2894.9092505349	
2894.9092505349	
2894.9092505349	
2894.9040270628	
2894.9040270628	
2894.9040270628	
2894.9040270628	
2894.9040270628	
2894.9040270628	
2894.9037983907	
2894.9037983907	
2894.9037983907	
2894.9037983907	
2894.9018517092	
2894.9017084983	
2894.9015600515	
2894.9017084983	
2894.9017084983	
2894.9017084983	
2894.9017084983	
2894.9017084983	
2894.9017084983	
2894.9017084983	
2894.9017084983	
2894.9017084983	
2894.9017084983	
2894.9014556607	
2894.9015606575	
2894.9014553909	
2894.9014553909	
2894.9014553909	
2894.9014553909	
2894.9014553909	
2894.9014553909	
2894.9014553909	
2894.9014553909	
2894.9014553909	
2894.9014553909	
2894.9014553909	
2894.9014553909	
2894.9015554508	
2894.9108128213	
2894.9015554508	
2894.9015554508	
2894.9015554508	
2894.9014263466	
2894.9015703072	
2894.9014263413	
2894.9015703072	
2894.9014263263	
2894.9014263263	
2894.9015703072	
2894.9015703072	
2894.9015703072	
2894.9015703072	
2894.9015703072	
2894.9015703072	
2894.9015703072	
2894.9015703072	
2894.9014232005	
2894.9015580034	
2894.9014240985	
2894.9014228182	
2894.9014228469	
2894.9014236265	
2894.9014232005	
2894.9015580034	
2894.9014232005	
2894.9014232005	
2894.9014232005	
2894.9014232005	
2894.9014232005	
2894.9014232005	
2894.9014231978	
2894.9014231978	
2894.9014231978	
2894.9014227924	
2894.9014227924	
2894.9014266952	
2894.9014242183	
2894.9014242183	
2894.9014242183	
2894.9014242183	
2894.9014242183	
2894.9014242183	
2894.9014242183	
2894.9014242183	
2894.9014242183	
2894.9014242183	
2894.9014242183	
2894.9014226106	
2894.9014226195	
2894.9014226106	
2894.9014226098	
2894.9014226098	
2894.9014226195	
2894.9014226195	
2894.9014226180	
2894.9014226172	
2894.9014226164	
2894.9014226164	
2894.9014226164	
2894.9014226164	
2894.9014226164	
2894.9014226066	
2894.9014226069	
2894.9014226066	
2894.9014226066	
2894.9014226066	
2894.9014226066	
2894.9014226066	
