3137.3052138866	
3137.3052138866	
3136.8626705085	
3136.8626705085	
3136.8626705085	
3012.0651168655	
2982.1458725542	
2982.1458725542	
2980.0237163574	
2980.0237163574	
2980.0237163574	
2950.9143409732	
2919.6990676454	
2950.9143409732	
2950.9143409732	
2950.9143409732	
2919.6990676454	
2913.7964075213	
2914.9303374196	
2914.9303374196	
2912.3360675539	
2911.2823659593	
2911.2823659593	
2911.2823659593	
2911.2823659593	
2910.9515460377	
2907.6986428639	
2909.0629651732	
2904.9573689235	
2906.4191570541	
2906.4191570541	
2906.4191570541	
2906.4191570541	
2906.4191570541	
2906.4191570541	
2904.9464542633	
2904.9464542633	
2904.9464542633	
2904.9464542633	
2904.6892066195	
2902.9901392319	
2902.0954076922	
2902.0954076922	
2902.0954076922	
2902.0855070922	
2904.6892066195	
2904.6892066195	
2904.6892066195	
2904.6892066195	
2904.6892066195	
2902.9707297845	
2902.9707297845	
2902.9707297845	
2902.9707297845	
2899.6609233665	
2902.8433555820	
2904.2008677964	
2902.8433555820	
2902.8433555820	
2902.8433555820	
2902.8433555820	
2902.8433555820	
2902.8302984915	
2904.2008677964	
2904.2008677964	
2904.2008677964	
2904.2008677964	
2904.2008677964	
2904.2008677964	
2895.1025515469	
2895.0284184500	
2895.0284171890	
2895.0284171890	
2900.5308865762	
2897.3669500608	
2895.0148211159	
2897.3669500608	
2897.3665061672	
2897.3665061672	
2897.3665061672	
2897.3665061672	
2897.3665061672	
2897.3665061672	
2894.9454874455	
2894.9850055531	
2894.9454864600	
2894.9454864600	
2894.9454864600	
2894.9454864600	
2894.9454864595	
2894.9454864595	
2894.9452487267	
2894.9850055531	
2894.9850055531	
2894.9850055531	
2894.9850055531	
2894.9850055531	
2894.9078341733	
2894.9072336756	
2894.9044343682	
2894.9044343682	
2894.9044343682	
2894.9044319984	
2894.9060047693	
2894.9320394323	
2894.9360604444	
2894.9057233106	
2894.9360604257	
2894.9360604257	
2894.9360604257	
2894.9360604257	
2894.9360604257	
2894.9360604257	
2894.9360604257	
2894.9360602966	
2894.9360602966	
2894.9057078107	
2894.9057078107	
2894.9057078107	
2894.9057078107	
2894.9057078107	
2894.9037955674	
2894.9038809908	
2894.9038809908	
2894.9038809908	
2894.9038809908	
2894.9038809908	
2894.9014383636	
2894.9014383636	
2894.9014383636	
2894.9014383636	
2894.9014372418	
2894.9014372418	
2894.9014466624	
2894.9014263002	
2894.9014334616	
2894.9014418659	
2894.9014418659	
2894.9042339364	
2894.9042339364	
2894.9042339364	
2894.9042339364	
2894.9014230139	
2894.9014230179	
2894.9014230139	
2894.9014334351	
2894.9014230179	
2894.9014334351	
2894.9014230139	
2894.9014334351	
2894.9014230104	
2894.9014230104	
2894.9014230104	
2894.9014230104	
2894.9014230104	
2894.9014230104	
2894.9014230104	
2894.9014226673	
2894.9014226673	
2894.9014226673	
2894.9014226673	
2894.9014226673	
2894.9014226662	
2894.9014226662	
2894.9014226662	
2894.9014226662	
2894.9014226195	
2894.9014226697	
2894.9014226195	
2894.9014226195	
2894.9014226189	
2894.9014226189	
2894.9014226189	
2894.9014226189	
2894.9014226189	
2894.9014226189	
2894.9014226189	
2894.9014226189	
2894.9014231320	
2894.9014231320	
2894.9014231320	
2894.9014231320	
2894.9014231320	
2894.9014231320	
2894.9014231320	
2894.9014231320	
2894.9014226143	
2894.9014226079	
2894.9014226070	
2894.9014226773	
2894.9014226079	
2894.9014226079	
2894.9014226079	
2894.9014226079	
2894.9014226079	
2894.9014226079	
2894.9014226079	
2894.9014226070	
2894.9014226070	
2894.9014226070	
