2991.6499969097	
2991.6499969097	
4136.5989198967	
4136.5989198967	
3185.2873995776	
3093.9569070794	
3093.9569070794	
3004.7672829189	
3004.7672829189	
3004.7672829189	
3004.7672829189	
3004.7672829189	
3004.7672829189	
3004.0289864507	
3004.0289864507	
2919.9154601570	
2919.9154601570	
2919.9154601570	
2919.9154601570	
2919.9154601570	
2909.9718557995	
2903.1519292698	
2903.1519292698	
2903.1519292698	
2903.1519292698	
2903.1519292698	
2903.1519292698	
2900.3479987136	
2898.8361748886	
2898.8361748886	
2898.8361748886	
2898.8361748886	
2898.8361748886	
2898.8361748886	
2897.9878744274	
2897.8416368271	
2897.8416368271	
2897.8416368271	
2900.1872549325	
2900.1872549325	
2900.1872549325	
2900.1872549325	
2900.1872549325	
2900.1872549325	
2899.7420154645	
2895.9982209078	
2895.9982209078	
2895.9926286750	
2895.9926286750	
2895.9525457378	
2895.2720710523	
2895.6431798956	
2895.0705562067	
2895.6431798956	
2895.6431775542	
2895.6431775542	
2895.6431775542	
2895.6431775542	
2895.6431775542	
2895.6431775542	
2895.2469591163	
2895.2469591163	
2895.2469591163	
2895.2469591163	
2895.2469591163	
2895.2469591163	
2895.2469591163	
2895.2469591163	
2895.2469591163	
2895.2469591163	
2895.2469591163	
2894.9185321420	
2894.9182456256	
2894.9124092497	
2894.9123399781	
2894.9124092497	
2894.9173484764	
2894.9124092497	
2894.9124092497	
2894.9124092497	
2894.9124092497	
2894.9124092497	
2894.9124092497	
2894.9167754757	
2894.9140751757	
2894.9140751757	
2894.9140751757	
2894.9123352948	
2894.9119874825	
2894.9119874825	
2894.9119874825	
2894.9507490450	
2894.9282990816	
2894.9137619907	
2894.9017935398	
2894.9020085391	
2894.9015408683	
2894.9216236580	
2894.9024710279	
2894.9014790169	
2894.9015408683	
2894.9024709678	
2894.9024709678	
2894.9024709678	
2894.9024681099	
2894.9024681099	
2894.9024681099	
2894.9024681099	
2894.9020085391	
2894.9020085391	
2894.9020085391	
2894.9020085391	
2894.9020085391	
2894.9020085391	
2894.9014304027	
2894.9014270424	
2894.9014784379	
2894.9014270424	
2894.9014270424	
2894.9014784379	
2894.9014784379	
2894.9014270424	
2894.9014270424	
2894.9014270424	
2894.9014270424	
2894.9014270424	
2894.9014270424	
2894.9014270424	
2894.9014270355	
2894.9014270299	
2894.9014270299	
2894.9014360305	
2894.9014228585	
2894.9014227083	
2894.9014360305	
2894.9014360305	
2894.9014360305	
2894.9014228464	
2894.9014228394	
2894.9014228394	
2894.9014228394	
2894.9014228394	
2894.9014228394	
2894.9014228394	
2894.9014226886	
2894.9014226355	
2894.9014226886	
2894.9014254222	
2894.9014226355	
2894.9014226355	
2894.9014226355	
2894.9014226355	
2894.9014226222	
2894.9014226106	
2894.9014226222	
2894.9014226222	
2894.9014226222	
2894.9014226222	
2894.9014226222	
2894.9014226222	
2894.9014226106	
2894.9014226160	
2894.9014226094	
2894.9014226102	
2894.9014226102	
2894.9014226276	
2894.9014226160	
2894.9014226272	
2894.9014226160	
2894.9014226160	
2894.9014226066	
2894.9014226065	
2894.9014226066	
2894.9014226066	
2894.9014226066	
2894.9014226066	
2894.9014226066	
2894.9014226087	
2894.9014226087	
2894.9014226087	
2894.9014226087	
2894.9014226087	
2894.9014226087	
2894.9014226087	
2894.9014226087	
2894.9014226087	
2894.9014226087	
2894.9014226086	
2894.9014226064	
2894.9014226069	
2894.9014226064	
2894.9014226064	
2894.9014226064	
2894.9014226064	
2894.9014226064	
2894.9014226064	
2894.9014226064	
2894.9014226064	
2894.9014226064	
2894.9014226064	
