3164.9624720827	
3814.8191281289	
3177.5374207107	
3119.7147795444	
3111.8331368874	
3111.8331368874	
3111.8331368874	
3025.1260500188	
3025.1260500188	
2960.4398817025	
2960.4398817025	
2960.4398817025	
2937.1082945467	
2937.1082945467	
2933.6461925279	
2933.6461925279	
2932.7921338963	
2932.7921338963	
2925.2525144296	
2913.0361790199	
2900.0807779431	
2935.7450472271	
2900.0807779431	
2900.0807779431	
2900.0807779431	
2900.0807779431	
2896.2876836474	
2900.4841006072	
2899.7521463725	
2897.3449508130	
2899.7521463725	
2899.7521463725	
2899.7521463725	
2897.2656963320	
2897.2656963320	
2897.2656963320	
2897.2656963320	
2897.2656963320	
2897.2656963320	
2897.2656963320	
2895.3775475474	
2895.3775475474	
2895.3756897937	
2895.3756897937	
2895.3756897937	
2895.3969598794	
2895.0072067740	
2895.0053459436	
2895.2800083872	
2895.2800083872	
2895.2800083872	
2895.9608404867	
2895.0067160913	
2895.0067160913	
2895.0067160913	
2894.9964548885	
2894.9964548885	
2894.9964548885	
2894.9956829168	
2894.9956829168	
2894.9956829168	
2895.8402657490	
2895.8402657490	
2895.8402657490	
2895.8402657490	
2894.9509591346	
2894.9059226934	
2894.9246883885	
2894.9040427052	
2894.9040427052	
2894.9059175246	
2894.9040415307	
2894.9040415307	
2894.9040415307	
2894.9040415307	
2894.9040415307	
2894.9025464358	
2894.9016029241	
2894.9017304651	
2894.9025378658	
2894.9025378658	
2894.9016028718	
2894.9016028718	
2894.9016028718	
2894.9014957176	
2894.9018246396	
2894.9018246396	
2894.9014783142	
2894.9014783142	
2895.8096374242	
2894.9014949592	
2894.9014949592	
2894.9014949592	
2894.9014949592	
2894.9014949592	
2895.5288448306	
2895.5288448306	
2895.5288448306	
2895.5288448306	
2895.5288448306	
2895.5288448306	
2894.9014301736	
2894.9048923545	
2894.9014251009	
2894.9014301736	
2894.9014301736	
2894.9014301736	
2894.9014301736	
2894.9014301736	
2894.9014301736	
2894.9014301736	
2894.9014249858	
2894.9014249858	
2894.9014249858	
2894.9014249858	
2894.9014248660	
2894.9014248660	
2894.9051913489	
2894.9014236721	
2894.9014234534	
2894.9014236721	
2894.9014236721	
2894.9014236721	
2894.9014236721	
2894.9051913489	
2894.9051913489	
2894.9051913489	
2894.9051913489	
2894.9051913489	
2894.9051913489	
2894.9051913489	
2894.9014232504	
2894.9014232504	
2894.9014232504	
2894.9014232504	
2894.9014232504	
2894.9014232499	
2894.9014232499	
2894.9014232499	
2894.9014226496	
2894.9014226537	
2894.9014226490	
2894.9014226490	
2894.9014226490	
2894.9014226485	
2894.9014226485	
2894.9014226485	
2894.9014226485	
2894.9014226485	
2894.9014226164	
2894.9014834144	
2894.9014834144	
2894.9014834144	
2894.9014226164	
2894.9014226164	
2894.9014226164	
2894.9014226164	
2894.9014226164	
2894.9014226164	
2894.9014226111	
2894.9014232425	
2894.9014232425	
2894.9014232425	
2894.9014232425	
2894.9014232425	
2894.9014232425	
2894.9014226110	
2894.9014226110	
2894.9014226125	
2894.9014226125	
2894.9014226125	
2894.9014226124	
2894.9014226124	
2894.9014226124	
2894.9014226085	
2894.9014251672	
2894.9014251672	
2894.9014251672	
2894.9014226087	
2894.9014226085	
2894.9014226085	
2894.9014226085	
2894.9014226085	
2894.9014226101	
2894.9014226067	
2894.9014226082	
2894.9014226101	
2894.9014226101	
2894.9014226101	
2894.9014226101	
2894.9014226101	
2894.9014226066	
2894.9014226066	
2894.9014226066	
2894.9014226066	
2894.9014226066	
2894.9014226066	
2894.9014226066	
2894.9014226066	
2894.9014226066	
