2958.3651363488	
3203.6655252185	
3181.6954098303	
3154.8879464684	
3100.6623107163	
3062.1715550165	
3003.6154306293	
3003.6154306293	
2995.4810796048	
2989.0843872564	
2989.0843872564	
2957.8183170030	
2924.7662737788	
2915.9713420122	
2915.9713420122	
2915.9713420122	
2915.2552029185	
2905.3763693138	
2905.3763693138	
2905.3763693138	
2905.3763693138	
2905.3763693138	
2905.3763693138	
2905.3763693138	
2900.4535041930	
2918.3946787452	
2911.4566872110	
2911.4566872110	
2911.4566872110	
2911.4566872110	
2899.6406310844	
2899.3980388363	
2899.3980388363	
2899.3980388363	
2899.3980388363	
2899.3946145790	
2899.3946145790	
2899.3946145790	
2899.3946145790	
2899.3946145790	
2899.3946145790	
2899.3946145790	
2899.3946145790	
2899.3946145790	
2899.3946145790	
2896.3074918352	
2899.1276883845	
2896.0715197619	
2899.1276883845	
2896.3469080761	
2895.9314646107	
2896.3469080761	
2896.3405282557	
2896.3405282557	
2896.3389035868	
2896.3389035868	
2896.3389035868	
2896.3389035868	
2896.3389035868	
2896.3389035868	
2896.3389035868	
2896.3389035868	
2896.3389035868	
2896.3389035868	
2896.3389035868	
2894.9209611566	
2898.8137981232	
2894.9394510477	
2894.9221623439	
2894.9394510477	
2894.9221623439	
2894.9394510477	
2894.9392593232	
2898.8137981232	
2898.8137981232	
2898.8137981232	
2898.8137981232	
2898.8137981232	
2894.9209611566	
2894.9203242607	
2894.9203242607	
2894.9203242607	
2894.9203242607	
2894.9203242607	
2894.9042888839	
2894.9042888839	
2894.9041556157	
2894.9021948240	
2894.9040372347	
2895.7147221754	
2894.9018724722	
2895.7095344107	
2895.7095344107	
2895.7095344107	
2895.7095344107	
2895.7095344107	
2894.9040352317	
2894.9040352317	
2894.9040352317	
2894.9040352317	
2894.9015756432	
2894.9016162423	
2894.9015756432	
2894.9015756432	
2894.9015756432	
2894.9015756432	
2894.9015756432	
2894.9014814019	
2894.9016162423	
2894.9016162423	
2894.9016162423	
2894.9016162423	
2894.9014718103	
2894.9014718103	
2894.9014718103	
2894.9014718103	
2894.9014718103	
2894.9014718103	
2894.9014343836	
2894.9014264020	
2894.9014333471	
2894.9014333471	
2894.9014333471	
2894.9014333471	
2894.9014333471	
2894.9014333471	
2894.9014231525	
2894.9014231525	
2894.9014231525	
2894.9014231525	
2894.9014231525	
2894.9014230240	
2894.9014262353	
2894.9014230240	
2894.9014230240	
2894.9014230240	
2894.9014227333	
2894.9014227333	
2894.9014227333	
2894.9014227333	
2894.9014227333	
2894.9014227333	
2894.9014227333	
2894.9014262353	
2894.9014262353	
2894.9014262353	
2894.9014262353	
2894.9014254864	
2894.9014226118	
2894.9014230532	
2894.9014226189	
2894.9014226914	
2894.9014230532	
2894.9014230532	
2894.9014230532	
2894.9014230532	
2894.9014230532	
2894.9014226180	
2894.9014226180	
2894.9014226180	
2894.9014226134	
2894.9014226134	
2894.9014226914	
2894.9014226914	
2894.9014226914	
2894.9014226914	
2894.9014226914	
2894.9014226914	
2894.9014226070	
2894.9014226079	
2894.9014226070	
2894.9014226126	
2894.9014226070	
2894.9014226126	
2894.9014226126	
2894.9014226065	
2894.9014226100	
2894.9014226100	
2894.9014226065	
2894.9014226065	
2894.9014226073	
2894.9014226065	
2894.9014226065	
2894.9014226065	
2894.9014226065	
2894.9014226065	
2894.9014273548	
2894.9014226114	
2894.9014226114	
2894.9014226114	
2894.9014226114	
2894.9014226114	
2894.9014226064	
2894.9014226064	
2894.9014226064	
2894.9014226064	
2894.9014226064	
2894.9014226064	
2894.9014226064	
2894.9014226064	
