5441.3952779290	
3548.1378886653	
3548.1378886653	
3120.1591006730	
2991.8399849373	
3542.2145062247	
3542.2145062247	
3453.6779777840	
3453.6779777840	
3379.1054857557	
3379.1054857557	
3379.1054857557	
3371.3580174923	
3371.3580174923	
2954.9483082963	
2953.0624901966	
2954.9483082963	
2954.9483082963	
2954.9483082963	
2954.9483082963	
2938.1148804505	
2930.6980525016	
2938.1148804505	
2938.1148804505	
2938.1148804505	
2938.1148804505	
2938.1148804505	
2937.2080917575	
2937.1935295374	
2935.7375223004	
2935.7375223004	
2903.3986400263	
2903.3986400263	
2902.2346683339	
2902.2346683339	
2902.2346683339	
2902.2346683339	
2902.2346683339	
2902.2346683339	
2902.2346683339	
2902.2346683339	
2902.2346683339	
2896.0211612697	
2899.2722345028	
2899.2722345028	
2899.2722345028	
2899.2722345028	
2899.2722345028	
2899.2722345028	
2899.2722345028	
2899.2722345028	
2899.2722345028	
2899.2722345028	
2895.8219431656	
2895.8219431656	
2895.8219431656	
2895.8219431656	
2895.8219431656	
2895.8219431656	
2895.7946494509	
2895.7946494509	
2895.7946494509	
2895.7946494509	
2894.9204967226	
2894.9526821486	
2894.9181288142	
2894.9139963025	
2894.9161424491	
2894.9199137558	
2894.9199137558	
2894.9199137558	
2894.9087800348	
2894.9161424491	
2894.9181288142	
2894.9181288142	
2894.9181288142	
2894.9181288142	
2894.9181288142	
2894.9180930872	
2894.9204967226	
2894.9204967226	
2894.9204967226	
2894.9204967226	
2894.9204967226	
2894.9204967226	
2894.9074195855	
2894.9018560207	
2894.9015980661	
2894.9022298540	
2894.9021739334	
2894.9021739334	
2894.9021739334	
2894.9021739334	
2894.9021739334	
2894.9021739334	
2894.9021509563	
2894.9021509563	
2894.9022482606	
2894.9015104458	
2894.9015103550	
2894.9015046843	
2894.9015104458	
2894.9015046843	
2894.9015046843	
2894.9015046843	
2894.9015046843	
2894.9015046843	
2894.9015046843	
2894.9014972083	
2894.9014972083	
2894.9014972083	
2894.9015053064	
2894.9015053064	
2894.9015053064	
2894.9015053064	
2894.9015046940	
2894.9015046940	
2894.9015046940	
2894.9015046940	
2894.9014776633	
2894.9014849078	
2894.9014303930	
2894.9014849078	
2894.9014849078	
2894.9014849078	
2894.9014849078	
2894.9014303930	
2894.9014303930	
2894.9014252405	
2894.9014252405	
2894.9014252405	
2894.9014252405	
2894.9014252405	
2894.9014252405	
2894.9014252405	
2894.9014252405	
2894.9014249271	
2894.9014284380	
2894.9014230402	
2894.9014284380	
2894.9014284380	
2894.9014284380	
2894.9014284380	
2894.9014227481	
2894.9014227291	
2894.9014227291	
2894.9014401134	
2894.9014401134	
2894.9014401134	
2894.9014401134	
2894.9014373872	
2894.9014373872	
2894.9014373872	
2894.9014373872	
2894.9014373872	
2894.9014227481	
2894.9014227481	
2894.9014227481	
2894.9014245186	
2894.9014245186	
2894.9014245186	
2894.9014226194	
2894.9014226140	
2894.9014226140	
2894.9014226140	
2894.9014226140	
2894.9014226139	
2894.9014226139	
2894.9014226139	
2894.9014226139	
2894.9014226139	
2894.9014226091	
2894.9014226074	
2894.9014226074	
2894.9014226074	
2894.9014226070	
2894.9014226082	
2894.9014226070	
2894.9014226070	
2894.9014226070	
2894.9014226070	
2894.9014226070	
2894.9014226070	
2894.9014226070	
2894.9014226069	
2894.9014226069	
2894.9014226066	
2894.9014226066	
2894.9014226066	
2894.9014226066	
2894.9014226066	
2894.9014226066	
2894.9014226066	
2894.9014226066	
2894.9014226899	
2894.9014226899	
2894.9014226899	
2894.9014226899	
2894.9014226899	
2894.9014226899	
