2992.5563489790	
2992.5563489790	
3287.9668870661	
3194.3481297252	
3042.6962889845	
2980.3927595442	
2980.3927595442	
2980.3927595442	
2980.0550829047	
2980.0550829047	
2980.0550829047	
2940.6450078213	
2962.6344632364	
2962.6344632364	
2935.9525446661	
2934.4133144773	
2935.3330942965	
2935.9525446661	
2935.9525446661	
2935.9525446661	
2935.9525446661	
2934.4653607622	
2924.6564699743	
2936.1201900587	
2936.1201900587	
2936.1201900587	
2936.1201900587	
2936.1201900587	
2936.1201900587	
2936.1201900587	
2909.9023952244	
2898.2027690880	
2903.1129993730	
2896.9778481310	
2909.4262451287	
2909.4262451287	
2898.0961752227	
2898.0961752227	
2898.0961752227	
2898.0961752227	
2898.0961752227	
2909.4262451287	
2896.0853925042	
2896.0853925042	
2896.0853925042	
2896.0853925042	
2896.0436611343	
2895.3026504433	
2895.1997616904	
2895.1997616904	
2895.1997616904	
2895.1997616904	
2895.1997616904	
2895.1997616904	
2895.1997616904	
2895.1996871648	
2895.1528351357	
2895.1528351357	
2894.9656110149	
2895.0850738347	
2897.3496546567	
2895.0850738347	
2895.0850738347	
2895.0850738347	
2895.0850738347	
2903.1810909097	
2894.9139444485	
2894.9195794229	
2894.9195794229	
2894.9195794229	
2894.9195794229	
2894.9195794229	
2894.9195478902	
2894.9126508880	
2894.9126508880	
2895.2558386276	
2894.9741314874	
2895.2558386276	
2895.2558386276	
2895.2558386276	
2895.2558386276	
2894.9740485325	
2894.9740485325	
2894.9740485325	
2894.9740485325	
2894.9740485325	
2894.9204990583	
2894.9017096150	
2894.9059699856	
2894.9017083389	
2894.9017083389	
2894.9017083389	
2894.9017083389	
2894.9017083389	
2894.9017083389	
2894.9017083389	
2894.9017000646	
2894.9017000646	
2894.9017000646	
2894.9017000646	
2894.9017000646	
2894.9017000646	
2894.9152954167	
2894.9152954167	
2894.9149788779	
2894.9149788779	
2894.9149788779	
2894.9149788779	
2894.9149788779	
2894.9014449944	
2894.9036294783	
2894.9014449944	
2894.9014449944	
2894.9014375124	
2894.9014375124	
2894.9036294783	
2894.9014525282	
2894.9014308821	
2894.9014282750	
2894.9014261745	
2894.9014266331	
2894.9014307073	
2894.9014307073	
2894.9014271168	
2894.9014271168	
2894.9014271168	
2894.9014271168	
2894.9014271168	
2894.9014271168	
2894.9014282037	
2894.9014282037	
2894.9014272300	
2894.9014272300	
2894.9014266331	
2894.9014238163	
2894.9014239282	
2894.9014262443	
2894.9014239282	
2894.9014239282	
2894.9014239282	
2894.9014239282	
2894.9014245651	
2894.9014245651	
2894.9014245651	
2894.9014245515	
2894.9014245385	
2894.9014245385	
2894.9014262443	
2894.9014262443	
2894.9014262443	
2894.9014262443	
2894.9014262443	
2894.9014262443	
2894.9014262443	
2894.9014262443	
2894.9014262443	
2894.9014226774	
2894.9014226774	
2894.9014226774	
2894.9014226774	
2894.9014226774	
2894.9014226950	
2894.9014226144	
2894.9014226950	
2894.9014226948	
2894.9014226948	
2894.9014226948	
2894.9014226945	
2894.9014226945	
2894.9014226945	
2894.9014226945	
2894.9014226945	
2894.9014226945	
2894.9014226945	
2894.9014229802	
2894.9014229802	
2894.9014229802	
2894.9014229802	
2894.9014229802	
2894.9014229802	
2894.9014226077	
2894.9014232849	
2894.9014226203	
2894.9014226079	
2894.9014232849	
2894.9014226077	
2894.9014226077	
2894.9014226077	
2894.9014226077	
2894.9014226077	
2894.9014226074	
2894.9014226077	
2894.9014226067	
2894.9014226067	
2894.9014226074	
2894.9014226074	
2894.9014226074	
2894.9014226079	
2894.9014226079	
2894.9014226079	
