3897.2569985768	
3897.2569985768	
3144.5465353876	
3144.5465353876	
3144.5465353876	
3144.5465353876	
3144.5465353876	
3144.5465353876	
3062.7097157447	
3000.5884114485	
3000.5884114485	
3000.5884114485	
3000.5884114485	
3000.5884114485	
2995.7121221890	
2992.3158171304	
2924.1560060269	
2924.1560060269	
2924.1560060269	
2924.1560060269	
2924.1560060269	
2924.1560060269	
2924.1560060269	
2924.1560060269	
2921.5792257199	
2914.9342304869	
2914.9342304869	
2910.9106432515	
2921.5792257199	
2910.3479736181	
2910.3479736181	
2907.8565457931	
2907.8565457931	
2907.8565457931	
2907.8565457931	
2907.8565457931	
2907.8451998375	
2907.8451998375	
2907.8451998375	
2907.8451998375	
2907.8451998375	
2907.8451998375	
2907.8451998375	
2907.8451998375	
2905.3558806080	
2903.8575637670	
2905.2899315840	
2905.2899315840	
2905.2899315840	
2905.2372571410	
2905.2372571410	
2905.2372571410	
2905.2372571410	
2905.2009084409	
2902.7426910690	
2902.2353771533	
2902.6542667826	
2902.6542667826	
2902.6542667826	
2902.6542667826	
2902.6542667826	
2902.6542667826	
2902.4887930691	
2902.4887590112	
2902.1314219524	
2899.0039694176	
2902.1026286294	
2902.1026286294	
2902.1026286294	
2902.1026223095	
2902.1026223095	
2902.1026223095	
2898.8215295088	
2898.6531289022	
2898.2267335566	
2899.2925907336	
2898.7257046753	
2898.8215295088	
2898.1992432988	
2898.6469880922	
2898.1955597029	
2898.1955597029	
2898.1955597029	
2898.1955597029	
2898.1955597029	
2898.7224956397	
2899.2923471690	
2899.2923471690	
2899.2923471690	
2899.2923471690	
2899.2923471690	
2899.2923471690	
2899.2923471690	
2899.2923471690	
2898.7224956397	
2898.7165343086	
2898.7165343086	
2898.7165343086	
2896.7098009558	
2895.4603950305	
2896.7098009558	
2896.7098009558	
2896.7098009558	
2896.7098007899	
2896.7098007899	
2896.7098007899	
2896.7098007899	
2896.7098007899	
2896.7094158546	
2896.7094158546	
2895.4579838546	
2895.4579838546	
2895.4579838546	
2895.4579838546	
2895.4579838546	
2895.4579838546	
2895.4579838546	
2895.4579838546	
2895.4579838546	
2895.4579838546	
2895.4579838546	
2895.4546235465	
2894.9104772072	
2895.9284495339	
2894.9092511282	
2894.9103376307	
2895.9284495339	
2894.9071155893	
2896.9031244425	
2894.9104759734	
2894.9104759734	
2894.9100581767	
2894.9100581767	
2894.9100581767	
2894.9100581767	
2894.9086663008	
2894.9099133884	
2894.9071155858	
2894.9071155858	
2894.9071155858	
2894.9071118449	
2894.9071118449	
2894.9071118449	
2894.9069811307	
2894.9025523318	
2894.9060427595	
2894.9018194875	
2894.9016898165	
2894.9016898165	
2894.9016898165	
2894.9015795303	
2894.9015795303	
2894.9015795303	
2894.9015751202	
2894.9015751202	
2894.9015751202	
2894.9015603223	
2894.9015603223	
2894.9017930040	
2894.9017930040	
2894.9017930040	
2894.9017930040	
2894.9017930040	
2894.9017641684	
2894.9017641684	
2894.9014271349	
2894.9015349972	
2894.9014271349	
2894.9015349972	
2894.9014271349	
2894.9015349966	
2894.9014271349	
2894.9014271349	
2894.9015349966	
2894.9016869204	
2894.9014255996	
2894.9016869204	
2894.9016869204	
2894.9016869204	
2894.9016869204	
2894.9016869204	
2894.9014252708	
2894.9014252708	
2894.9014252708	
2894.9014252708	
2894.9014252708	
2894.9014252708	
2894.9014248458	
2894.9014248458	
2894.9014248458	
2894.9014248458	
2894.9014248458	
2894.9014231753	
2894.9014231753	
2894.9014231753	
2894.9014227263	
2894.9014227263	
2894.9014227263	
2894.9014227132	
2894.9014227084	
