3318.1642582003	
3318.1642582003	
3318.1642582003	
3196.6616394485	
3069.2041054761	
3030.2898104417	
3030.2898104417	
3030.2898104417	
3026.5350280310	
3020.6991340816	
3020.6991340816	
3020.6991340816	
2978.6365528848	
2948.6185391627	
2948.6185391627	
2948.6185391627	
2948.6185391627	
2948.6185391627	
2948.6185391627	
2931.9986011093	
2909.7717705580	
2913.8510171551	
2913.8510171551	
2913.8510171551	
2913.8510171551	
2913.7050774771	
2911.4994442528	
2911.4994442528	
2909.7717705580	
2909.7717705580	
2909.7717705580	
2909.7717705580	
2907.3527436401	
2905.3948272768	
2903.3967185946	
2903.3967185946	
2903.3964042402	
2903.3964042402	
2903.3964042402	
2903.4127452288	
2903.0881684533	
2903.0881684533	
2903.0881684533	
2903.0881684533	
2903.0881684533	
2903.0881684533	
2905.4516893688	
2903.7932451707	
2901.4109839078	
2903.7403243407	
2903.7403243407	
2903.7403243407	
2903.7395542137	
2905.4516893688	
2905.4516893688	
2905.4516893688	
2905.4516893688	
2905.4516893688	
2901.4109803879	
2901.4109803879	
2901.4109803879	
2901.4109803879	
2901.4109803879	
2901.4109803879	
2901.4105312092	
2901.4105312092	
2901.4105312092	
2901.4105312092	
2899.4451596198	
2899.5439882402	
2899.4448760688	
2899.4448760688	
2899.4448760688	
2899.6748800016	
2899.6748800016	
2899.6748800016	
2899.6748800016	
2899.6748800016	
2899.6748800016	
2899.6748800016	
2899.6748800016	
2899.6409237804	
2899.5439882402	
2899.5439882402	
2899.5439882402	
2899.5439882402	
2894.9978411912	
2894.9978411912	
2894.9978411912	
2894.9978411912	
2894.9978411912	
2896.2233223864	
2894.9394716184	
2895.0049873349	
2895.0049873349	
2895.0049873349	
2896.1859705415	
2896.1859705415	
2894.9311774124	
2894.9079256509	
2894.9301712850	
2894.9311774124	
2894.9311774124	
2894.9311774124	
2894.9311774124	
2894.9311774124	
2894.9311289998	
2894.9311289998	
2894.9311289998	
2894.9311289998	
2894.9311289998	
2894.9311289998	
2894.9311271230	
2894.9311271230	
2894.9311271230	
2894.9311271230	
2894.9394673354	
2894.9394673354	
2894.9064561912	
2894.9048685367	
2894.9260667033	
2894.9260667033	
2894.9260667033	
2894.9260667033	
2894.9260667033	
2894.9260198390	
2894.9260198390	
2894.9260198390	
2894.9260198390	
2894.9025560410	
2894.9017126782	
2894.9015489101	
2894.9016332262	
2894.9025560410	
2894.9017126782	
2894.9016514949	
2894.9025560410	
2894.9025560410	
2894.9025560410	
2894.9025560410	
2894.9025560410	
2894.9025560410	
2894.9025560410	
2894.9014425759	
2894.9014425759	
2894.9014425759	
2894.9014425759	
2894.9014395789	
2894.9014284456	
2894.9014290097	
2894.9014284456	
2894.9014284456	
2894.9014284456	
2894.9014284456	
2894.9014382467	
2894.9014382467	
2894.9014382467	
2894.9014311158	
2894.9014853566	
2894.9014310027	
2894.9014271526	
2894.9014311158	
2894.9014278249	
2894.9014311158	
2894.9014311158	
2894.9014311158	
2894.9014311158	
2894.9014311158	
2894.9014311158	
2894.9014311158	
2894.9014311158	
2894.9014311158	
2894.9014302254	
2894.9014823506	
2894.9014823506	
2894.9014823506	
2894.9014823506	
2894.9014823506	
2894.9014823506	
2894.9014823506	
2894.9014823506	
2894.9014227436	
2894.9014239904	
2894.9014227436	
2894.9014227436	
2894.9014227436	
2894.9014227436	
2894.9014227436	
2894.9014227436	
2894.9014227429	
2894.9014239904	
2894.9014239904	
2894.9014239904	
2894.9014239904	
2894.9014226428	
2894.9014227591	
2894.9014227591	
2894.9014227591	
2894.9014227591	
2894.9014227591	
