3037.9531713397	
2950.4811959773	
2950.4811959773	
2950.4811959773	
2950.4811959773	
2950.4811959773	
2950.4811959773	
2949.7938572077	
2949.7938572077	
2895.6534646246	
2876.4508424501	
2853.0675297649	
2853.0675297649	
2850.6469355603	
2847.2042463834	
2803.2566555944	
2803.2566555944	
2803.2566555944	
2803.2566555944	
2803.2566555944	
2803.0190923009	
2800.9528599737	
2800.9528599737	
2804.8628664666	
2800.2677662932	
2798.3371332348	
2798.3371332348	
2798.3371332348	
2798.3371332348	
2796.1450818731	
2796.1450818731	
2796.1450818731	
2796.1450818731	
2796.1450818731	
2793.8819471235	
2793.8819471235	
2793.8819471235	
2793.9862212166	
2793.2150897001	
2793.2147898279	
2792.9777809518	
2793.4430788773	
2795.4682100204	
2792.9777809518	
2792.9777809518	
2792.9777809518	
2792.9777809518	
2793.9862212166	
2793.9862212166	
2793.9862212166	
2793.9862212166	
2792.9058454875	
2792.5678026479	
2792.5678026479	
2792.9058454875	
2792.9058454875	
2792.4821937391	
2792.4821937391	
2792.4821937391	
2792.4821937391	
2792.4821937391	
2792.4692644340	
2792.3548335037	
2792.4692644340	
2792.3548335037	
2792.5048724885	
2792.4433588663	
2792.4433588663	
2792.5758770553	
2792.3150810932	
2792.3150810932	
2792.5729623990	
2792.5729623990	
2792.5729623990	
2792.5729623990	
2792.5729623990	
2792.5729623990	
2792.5729623990	
2792.5729623990	
2792.3041071516	
2792.3024945335	
2792.2912395816	
2792.3041071516	
2792.3036624765	
2792.3036624765	
2792.3036624765	
2792.3036624765	
2792.3036624765	
2792.3036624765	
2792.3036624765	
2792.3036624765	
2792.2949739364	
2792.2946221708	
2792.2942587732	
2792.2942587732	
2792.2942587732	
2792.2918930689	
2792.2918930689	
2792.2918930689	
2792.2833035678	
2792.2848912457	
2792.2833035678	
2792.2832115967	
2792.2832115967	
2792.2832115967	
2792.2832115967	
2792.2848912457	
2792.2848912457	
2792.2848912457	
2792.2848912457	
2792.2848912457	
2792.2848078613	
2792.2848078613	
2792.2816977625	
2792.2826151397	
2792.2823552429	
2792.2815390385	
2792.2814732024	
2792.2815390385	
2792.2815390385	
2792.2815390385	
2792.2815390385	
2792.2815390385	
2792.2813218948	
2792.2813218948	
2792.2813218948	
2792.2813218948	
2792.2813218948	
2792.2812842740	
2792.2812940463	
2792.2815911834	
2792.2812398993	
2792.2812842740	
2792.2812888672	
2792.2812398993	
2792.2812842740	
2792.2812888672	
2792.2812940463	
2792.2812940463	
2792.2812888120	
2792.2812888120	
2792.2812888120	
2792.2812888120	
2792.2815217488	
2792.2811182492	
2792.2811188652	
2792.2811182492	
2792.2811182492	
2792.2811182492	
2792.2811097165	
2792.2811046508	
2792.2811097059	
2792.2811095812	
2792.2811095812	
2792.2815217488	
2792.2815217488	
2792.2815217488	
2792.2815217488	
2792.2811102802	
2792.2811102606	
2792.2811102606	
2792.2811102606	
2792.2811102606	
2792.2811102083	
2792.2810835752	
2792.2811085099	
2792.2811003779	
2792.2811103725	
2792.2810796598	
2792.2810796598	
2792.2810835607	
2792.2811103725	
2792.2810835607	
2792.2810835607	
2792.2810835607	
2792.2811103725	
2792.2811103725	
2792.2811103725	
2792.2811103725	
2792.2810781392	
2792.2810738157	
2792.2810747600	
2792.2810738157	
2792.2810738157	
2792.2810738157	
2792.2810738154	
2792.2810738154	
2792.2810738154	
2792.2810738154	
2792.2810738154	
2792.2810738154	
2792.2810767790	
2792.2810735850	
2792.2810772743	
2792.2810772743	
2792.2810772497	
2792.2810772497	
2792.2810772497	
2792.2810772497	
2792.2810721726	
