3487.5326553243	
3487.5326553243	
3188.8951210877	
3109.5932644463	
3109.5932644463	
3109.5932644463	
3109.5932644463	
3109.5932644463	
3109.5932644463	
2978.6882786051	
2975.4367684380	
2975.4367684380	
2975.4367684380	
2975.0293595573	
2975.0293595573	
2959.6366903627	
2981.9942749236	
2948.3604330853	
2953.4994217017	
2948.3604330853	
2950.8919890743	
2944.0400742733	
2936.9052666712	
2935.9406987316	
2935.9406987316	
2936.9052666712	
2936.9052666712	
2936.9052666712	
2936.9052666712	
2936.9052666712	
2936.9052666712	
2909.7487709548	
2909.7487709548	
2909.7487709548	
2909.7487709548	
2909.7487709548	
2909.3395070089	
2905.4085501326	
2900.4799334147	
2899.1634331126	
2900.4799334147	
2900.4799334147	
2899.1266539254	
2899.1266539254	
2899.1266539254	
2899.1266539254	
2899.1266539254	
2896.9918929964	
2896.9918929964	
2896.9918929964	
2896.9908933169	
2896.9908933169	
2896.9908933169	
2896.9908933169	
2896.9894589525	
2896.6970415909	
2896.3085787725	
2896.2925780156	
2895.2853683254	
2896.2914401108	
2896.2914401108	
2896.2914401108	
2896.3080011695	
2896.3080011695	
2896.3080011695	
2896.3080011695	
2896.3080011695	
2896.6970415909	
2896.6970415909	
2896.6969094770	
2896.6969094770	
2894.9429380488	
2894.9429380488	
2894.9429380488	
2894.9429380488	
2894.9429380488	
2894.9429380488	
2894.9095229128	
2894.9095229128	
2894.9219996845	
2894.9037387181	
2894.9071640996	
2896.4323975856	
2894.9040701981	
2894.9040701981	
2894.9040701981	
2894.9095229128	
2894.9095229128	
2894.9095229128	
2894.9095229128	
2894.9095229128	
2894.9095229128	
2894.9076031680	
2894.9076031680	
2894.9076031680	
2894.9054508068	
2894.9054313145	
2894.9032265047	
2894.9032265047	
2894.9037387181	
2894.9037387181	
2894.9037387181	
2894.9037387181	
2894.9037387181	
2894.9017062283	
2894.9017062283	
2894.9017062283	
2894.9017062283	
2894.9017062283	
2894.9018642652	
2894.9018642652	
2894.9018642652	
2894.9018642652	
2894.9018642652	
2894.9018642652	
2894.9018642652	
2894.9018642652	
2894.9018642652	
2894.9023905188	
2894.9014359309	
2894.9014523259	
2894.9014314521	
2894.9014523259	
2894.9014523259	
2894.9014523259	
2894.9014523259	
2894.9014460212	
2894.9014460212	
2894.9014460212	
2894.9014458934	
2894.9014458934	
2894.9014458934	
2894.9014458934	
2894.9023905188	
2894.9023905188	
2894.9023905188	
2894.9023905188	
2894.9023905188	
2894.9020946561	
2894.9020946561	
2894.9020946561	
2894.9014235572	
2894.9014239429	
2894.9014236195	
2894.9014234345	
2894.9014235572	
2894.9014256975	
2894.9014232775	
2894.9014232495	
2894.9014284411	
2894.9014250510	
2894.9014250510	
2894.9014250510	
2894.9014250510	
2894.9014250510	
2894.9014250510	
2894.9014250510	
2894.9014250510	
2894.9014250510	
2894.9014229200	
2894.9014549928	
2894.9014228032	
2894.9014236116	
2894.9014236116	
2894.9014236116	
2894.9014236116	
2894.9014234763	
2894.9014234763	
2894.9014234763	
2894.9014234763	
2894.9014234763	
2894.9014226208	
2894.9014226129	
2894.9014226146	
2894.9014226124	
2894.9014226124	
2894.9014226124	
2894.9014226124	
2894.9014226146	
2894.9014226146	
2894.9014226146	
2894.9014226128	
2894.9014226127	
2894.9014226127	
2894.9014227958	
2894.9014227958	
2894.9014227958	
2894.9014227958	
2894.9014227958	
2894.9014227958	
2894.9014227958	
2894.9014226065	
2894.9014226065	
2894.9014226065	
2894.9014226065	
2894.9014226066	
2894.9014226065	
2894.9014226299	
2894.9014226066	
2894.9014226066	
