3832.3963514284	
3172.0012248409	
3046.0868036524	
3046.0868036524	
3046.0868036524	
3046.0868036524	
3046.0868036524	
3046.0868036524	
3046.0868036524	
3046.0868036524	
3046.0868036524	
3046.0868036524	
3046.0868036524	
3006.5887529607	
2949.1726357470	
2947.8020312034	
2964.8275732756	
2947.9134748900	
2947.9134748900	
2947.9134748900	
2947.9134748900	
2947.9134748900	
2947.9134748900	
2947.9134748900	
2947.9134748900	
2914.0361484729	
2908.2292714685	
2927.9119043474	
2908.2292714685	
2914.0361484729	
2914.0361484729	
2914.0361484729	
2908.2292714685	
2908.2292714685	
2908.2292714685	
2908.2292714685	
2908.2292714685	
2908.0414624609	
2908.0414624609	
2908.0414624609	
2908.0414624609	
2908.0414624609	
2906.4042221565	
2897.3480611462	
2898.7068165529	
2898.7068165529	
2898.7068165529	
2898.7068165529	
2898.7068165529	
2898.7068165529	
2898.0051401958	
2897.9812928808	
2895.7103703710	
2895.3984726691	
2898.1691679595	
2897.4407580514	
2897.4407580514	
2897.4407580514	
2897.4407580514	
2897.4407580514	
2897.4407580514	
2898.4082970765	
2895.0653105625	
2894.9622651444	
2894.9622651444	
2894.9536382686	
2894.9488497120	
2894.9492676384	
2894.9375454249	
2894.9532620221	
2894.9532620221	
2894.9532620221	
2894.9244344402	
2894.9097133160	
2894.9097133160	
2894.9097133160	
2894.9097133160	
2894.9097133160	
2894.9097133160	
2894.9082228945	
2894.9239379908	
2894.9239379908	
2894.9239379908	
2894.9019795116	
2894.9259104787	
2894.9022714359	
2894.9259104787	
2894.9017132688	
2894.9019096714	
2894.9019096714	
2894.9019096714	
2894.9019096714	
2895.1135205255	
2894.9022059707	
2894.9022059707	
2894.9022059707	
2894.9022059707	
2894.9020873081	
2894.9020873081	
2894.9020873081	
2894.9020873081	
2894.9020873081	
2894.9014672827	
2894.9061546759	
2894.9017137794	
2894.9055119794	
2894.9055119794	
2894.9055119794	
2894.9123649795	
2894.9015210894	
2894.9014326673	
2894.9015225021	
2894.9123649795	
2894.9113909684	
2894.9113909684	
2894.9113909684	
2894.9113909684	
2894.9015210894	
2894.9015210894	
2894.9015203174	
2894.9015203174	
2894.9015203174	
2894.9014724265	
2894.9014724265	
2894.9014724265	
2894.9014298639	
2894.9014275817	
2894.9014233029	
2894.9014262319	
2894.9014298639	
2894.9014262319	
2894.9014262319	
2894.9014260217	
2894.9014260217	
2894.9014260217	
2894.9014228559	
2894.9014233029	
2894.9014233029	
2894.9014226786	
2894.9014226503	
2894.9014302131	
2894.9014226786	
2894.9014226786	
2894.9014226786	
2894.9014226786	
2894.9014226786	
2894.9014226786	
2894.9014228559	
2894.9014228559	
2894.9014228559	
2894.9014228559	
2894.9014228559	
2894.9014228559	
2894.9014228559	
2894.9014228559	
2894.9014226189	
2894.9014226155	
2894.9014226156	
2894.9014226141	
2894.9014274482	
2894.9014274482	
2894.9014274482	
2894.9014274482	
2894.9014274482	
2894.9014274482	
2894.9014274482	
2894.9014274482	
2894.9014226189	
2894.9014226075	
2894.9014226075	
2894.9014226075	
2894.9014226075	
2894.9014226189	
2894.9014226189	
2894.9014226182	
2894.9014226182	
2894.9014226182	
2894.9014226182	
2894.9014226182	
2894.9014226182	
2894.9014226182	
2894.9014226182	
2894.9014226182	
2894.9014226182	
2894.9014226070	
2894.9014226070	
2894.9014226070	
2894.9014226066	
2894.9014226123	
2894.9014226123	
2894.9014226066	
2894.9014226123	
2894.9014226066	
2894.9014226066	
2894.9014226066	
2894.9014226066	
2894.9014226066	
2894.9014226066	
2894.9014226066	
2894.9014226066	
