4.8843734509	
4.8843734509	
3.8026909364	
3.4795180860	
3.4121830787	
3.4121830787	
3.3843079312	
3.3843079312	
3.3843079312	
3.3843079312	
3.3239219992	
3.3239219992	
3.3219893357	
3.2583623820	
3.2583623820	
3.2583623820	
3.2340447677	
3.2261041353	
3.2644516157	
3.2644516157	
3.1832063352	
3.1832063352	
3.1832063352	
3.1849532340	
3.1849532340	
3.1996588122	
3.1996588122	
3.1662949938	
3.1671770550	
3.1671770550	
3.1671770550	
3.1671770550	
3.1671770550	
3.1671770550	
3.1671770550	
3.1617860989	
3.1617860989	
3.1617860989	
3.1613603174	
3.1613603174	
3.1613603174	
3.1613603174	
3.1613603174	
3.1608870893	
3.1608896103	
3.1608896103	
3.1608896103	
3.1608896103	
3.1603340623	
3.1603340623	
3.1603340623	
3.1603340623	
3.1603340623	
3.1602258602	
3.1602258602	
3.1602258602	
3.1601239754	
3.1601239754	
3.1601239754	
3.1600640828	
3.1600640828	
3.1600640828	
3.1600072890	
3.1600072890	
3.1600072890	
3.1599593897	
3.1599548530	
3.1599548530	
3.1599548530	
3.1599548530	
3.1599548530	
3.1599314867	
3.1599314867	
3.1599314867	
3.1599314867	
3.1599314867	
3.1599175402	
3.1599175402	
3.1599175402	
3.1599175402	
3.1599175402	
3.1599175402	
3.1599134474	
3.1599134474	
3.1599134474	
3.1599134474	
3.1599120304	
3.1599119390	
3.1599119390	
3.1599119390	
3.1599119390	
3.1599110639	
3.1599110639	
3.1599110639	
3.1599094656	
3.1599094656	
3.1599094656	
3.1599094656	
3.1599094656	
3.1599094656	
3.1599091007	
3.1599091007	
3.1599091007	
3.1599091007	
3.1599089682	
3.1599089682	
3.1599089682	
3.1599089682	
3.1599089682	
3.1599089682	
3.1599089256	
3.1599089256	
3.1599089256	
3.1599089244	
3.1599089244	
3.1599089160	
3.1599089160	
3.1599089091	
3.1599089091	
3.1599089091	
3.1599089091	
3.1599089091	
3.1599089091	
3.1599089001	
3.1599089001	
3.1599089001	
3.1599089001	
3.1599088946	
3.1599088946	
3.1599088946	
3.1599088946	
3.1599088938	
3.1599088938	
3.1599088938	
3.1599088938	
3.1599088919	
3.1599088919	
3.1599088919	
3.1599088913	
3.1599088913	
3.1599088913	
3.1599088908	
3.1599088908	
3.1599088904	
3.1599088904	
3.1599088904	
3.1599088904	
3.1599088904	
3.1599088904	
3.1599088904	
3.1599088904	
3.1599088904	
3.1599088904	
3.1599088904	
3.1599088903	
3.1599088903	
3.1599088903	
3.1599088903	
3.1599088903	
3.1599088903	
3.1599088903	
3.1599088903	
3.1599088903	
3.1599088903	
3.1599088903	
3.1599088903	
3.1599088902	
3.1599088902	
3.1599088902	
3.1599088902	
3.1599088902	
3.1599088902	
3.1599088902	
3.1599088902	
3.1599088902	
3.1599088902	
3.1599088902	
3.1599088902	
3.1599088902	
3.1599088902	
3.1599088902	
3.1599088902	
3.1599088902	
3.1599088902	
3.1599088902	
3.1599088902	
3.1599088902	
3.1599088902	
3.1599088902	
3.1599088902	
3.1599088902	
3.1599088902	
3.1599088902	
3.1599088902	
3.1599088902	
3.1599088902	
3.1599088902	
3.1599088902	
3.1599088902	
3.1599088902	
